intersect_bp,f_orig_query,f_match,f_unique_to_query,f_unique_weighted,average_abund,median_abund,std_abund,filename,name,md5,f_match_orig,unique_intersect_bp,gather_result_rank,remaining_bp,query_filename,query_name,query_md5,query_bp,ksize,moltype,scaled,query_n_hashes,query_abundance,query_containment_ani,match_containment_ani,average_containment_ani,max_containment_ani,potential_false_negative,n_unique_weighted_found,sum_weighted_found,total_weighted_hashes
947000,0.0012351089165212447,0.16722585202189652,0.0012351089165212447,0.0006612185460224402,1.628299894403379,1.0,1.758119364227044,/nfs3_ib/nfs-ip34/home/def-ilafores/ref_dbs/sourmash_db/gtdb-rs214-reps.k31.zip,"GCF_008039875.1 Methylobacterium sp. WL119 strain=WL119 ASM803987v1",e5bf01c613c616b5ef30b491d1b9f44e,0.16722585202189652,947000,0,6186000,/nfs3_ib/nfs-ip34//home/def-ilafores/analysis/boreal_moss/preproc/S-19-POLPIL-G/S-19-POLPIL-G_unmatched_2.fastq,S-19-POLPIL-G,d96be4e4,766734000,31,DNA,1000,766734,True,0.8057198079593553,0.9439419160969328,0.874830862028144,0.9439419160969328,False,1542,1542,2332058
787000,0.0010264315916602108,0.08819903619858792,0.0010264315916602108,0.000505990845853748,1.4993646759847523,1.0,0.9286829098579622,/nfs3_ib/nfs-ip34/home/def-ilafores/ref_dbs/sourmash_db/gtdb-rs214-reps.k31.zip,"GCA_003326195.1 Nostoc punctiforme NIES-2108 ASM332619v1",b934245b074c1504958680c36c38a3f9,0.08819903619858792,787000,1,5399000,/nfs3_ib/nfs-ip34//home/def-ilafores/analysis/boreal_moss/preproc/S-19-POLPIL-G/S-19-POLPIL-G_unmatched_2.fastq,S-19-POLPIL-G,d96be4e4,766734000,31,DNA,1000,766734,True,0.8009239686393268,0.9246613491493609,0.8627926588943439,0.9246613491493609,False,1180,2722,2332058
746000,0.0009729580271645707,0.10703879773040945,0.0009103548297062606,0.0004339514711898246,1.4498567335243553,1.0,0.8769125521817197,/nfs3_ib/nfs-ip34/home/def-ilafores/ref_dbs/sourmash_db/gtdb-rs214-reps.k31.zip,"GCF_022829365.1 Methylobacterium sp. J-077 strain=J-077 ASM2282936v1",9427e56a12226d50b9c8d4cf56b920c1,0.1143996319582886,698000,2,4701000,/nfs3_ib/nfs-ip34//home/def-ilafores/analysis/boreal_moss/preproc/S-19-POLPIL-G/S-19-POLPIL-G_unmatched_2.fastq,S-19-POLPIL-G,d96be4e4,766734000,31,DNA,1000,766734,True,0.7995428526383414,0.9324522492271909,0.8659975509327662,0.9324522492271909,False,1012,3734,2332058
624000,0.0008138415669580324,0.12922755741127348,0.0008073204005561251,0.0003610544849227592,1.3602584814216478,1.0,0.8184685240048688,/nfs3_ib/nfs-ip34/home/def-ilafores/ref_dbs/sourmash_db/gtdb-rs214-reps.k31.zip,"GCF_005844085.1 Acetobacteraceae bacterium KEBCLARHB70R strain=KEBCLARHB70R ASM584408v1",498150ab681f0d11140df321d485e8fa,0.1302713987473904,619000,3,4082000,/nfs3_ib/nfs-ip34//home/def-ilafores/analysis/boreal_moss/preproc/S-19-POLPIL-G/S-19-POLPIL-G_unmatched_2.fastq,S-19-POLPIL-G,d96be4e4,766734000,31,DNA,1000,766734,True,0.79495033323587,0.9363683901552631,0.8656593616955666,0.9363683901552631,False,842,4576,2332058
475000,0.0006195108081811945,0.05821078431372549,0.0006195108081811945,0.0002800101884258453,1.3747368421052633,1.0,0.7722787090371798,/nfs3_ib/nfs-ip34/home/def-ilafores/ref_dbs/sourmash_db/gtdb-rs214-reps.k31.zip,"GCF_001557535.2 Burkholderia sp. PAMC 26561 strain=PAMC 26561 ASM155753v2",fd0c18741012ebc26c58ba341945dc59,0.05821078431372549,475000,4,3607000,/nfs3_ib/nfs-ip34//home/def-ilafores/analysis/boreal_moss/preproc/S-19-POLPIL-G/S-19-POLPIL-G_unmatched_2.fastq,S-19-POLPIL-G,d96be4e4,766734000,31,DNA,1000,766734,True,0.787984556683939,0.9123498429776289,0.8501671998307839,0.9123498429776289,False,653,5229,2332058
589000,0.0007681934021446812,0.06831036983321247,0.0006142938750596686,0.00027486451880699367,1.3609341825902335,1.0,0.7438940250525157,/nfs3_ib/nfs-ip34/home/def-ilafores/ref_dbs/sourmash_db/gtdb-rs214-reps.k31.zip,"GCF_022829385.1 Methylobacterium sp. J-070 strain=J-070 ASM2282938v1",48fe550b161c1b6a0798cff176c79725,0.08542422044960116,471000,5,3136000,/nfs3_ib/nfs-ip34//home/def-ilafores/analysis/boreal_moss/preproc/S-19-POLPIL-G/S-19-POLPIL-G_unmatched_2.fastq,S-19-POLPIL-G,d96be4e4,766734000,31,DNA,1000,766734,True,0.7934714570046364,0.9237083547646839,0.8585899058846602,0.9237083547646839,False,641,5870,2332058
382000,0.0004982171131057185,0.0638940130806641,0.0004969128798253371,0.00023069752124518344,1.4120734908136483,1.0,0.7672845768655123,/nfs3_ib/nfs-ip34/home/def-ilafores/ref_dbs/sourmash_db/gtdb-rs214-reps.k31.zip,"GCF_019355555.1 Rhizobium sp. L51/94 strain=L51/94 ASM1935555v1",99e1bb0c59972a920365013876c3f114,0.06406171390239812,381000,6,2755000,/nfs3_ib/nfs-ip34//home/def-ilafores/analysis/boreal_moss/preproc/S-19-POLPIL-G/S-19-POLPIL-G_unmatched_2.fastq,S-19-POLPIL-G,d96be4e4,766734000,31,DNA,1000,766734,True,0.7824653548915718,0.9151729585581548,0.8488191567248633,0.9151729585581548,False,538,6408,2332058
404000,0.0005269102452741107,0.04353540331854772,0.0003456218193010875,0.00015908695238283095,1.4,1.0,0.7563567092966872,/nfs3_ib/nfs-ip34/home/def-ilafores/ref_dbs/sourmash_db/gtdb-rs214-reps.k31.zip,"GCF_022829585.1 Methylobacterium sp. J-026 strain=J-026 ASM2282958v1",a2812e6a63e8d582bea34bde88b2b2b3,0.06637095449318219,265000,7,2490000,/nfs3_ib/nfs-ip34//home/def-ilafores/analysis/boreal_moss/preproc/S-19-POLPIL-G/S-19-POLPIL-G_unmatched_2.fastq,S-19-POLPIL-G,d96be4e4,766734000,31,DNA,1000,766734,True,0.7838799732522247,0.9162189972457916,0.8500494852490081,0.9162189972457916,False,371,6779,2332058
446000,0.0005816880430501322,0.021135414106660113,0.0002243281242256115,0.00010977428520216907,1.4883720930232558,1.0,0.9553300421601734,/nfs3_ib/nfs-ip34/home/def-ilafores/ref_dbs/sourmash_db/gtdb-rs214-reps.k31.zip,"GCF_002246015.1 Nostoc sp. 'Peltigera membranacea cyanobiont' 210A strain=210A ASM224601v1",2c272714751e48563ff716c0bdfeb855,0.054804620299827966,172000,8,2318000,/nfs3_ib/nfs-ip34//home/def-ilafores/analysis/boreal_moss/preproc/S-19-POLPIL-G/S-19-POLPIL-G_unmatched_2.fastq,S-19-POLPIL-G,d96be4e4,766734000,31,DNA,1000,766734,True,0.78638490005196,0.9105770138669682,0.8484809569594641,0.9105770138669682,False,256,7035,2332058
128000,0.00016694185988882715,0.02180579216354344,0.00016694185988882715,9.219324733775918e-05,1.6796875,1.0,1.205025892810503,/nfs3_ib/nfs-ip34/home/def-ilafores/ref_dbs/sourmash_db/gtdb-rs214-reps.k31.zip,"GCF_010729665.1 Mycolicibacterium madagascariense strain=JCM 13574 ASM1072966v1",55d8fcdb32ddbe2b0c924561b5479a7c,0.02180579216354344,128000,9,2190000,/nfs3_ib/nfs-ip34//home/def-ilafores/analysis/boreal_moss/preproc/S-19-POLPIL-G/S-19-POLPIL-G_unmatched_2.fastq,S-19-POLPIL-G,d96be4e4,766734000,31,DNA,1000,766734,True,0.7553483172824218,0.8839049054724158,0.8196266113774189,0.8839049054724158,False,215,7250,2332058
135000,0.00017607149285149738,0.021240441801189464,0.00016302916004768276,9.476608214718502e-05,1.768,1.0,1.2207276518535983,/nfs3_ib/nfs-ip34/home/def-ilafores/ref_dbs/sourmash_db/gtdb-rs214-reps.k31.zip,"GCF_004137685.1 Lichenibacterium minor strain=RmlP026 ASM413768v1",1cfdff9a5643f1bc741e8140111fd291,0.022939677145284623,125000,10,2065000,/nfs3_ib/nfs-ip34//home/def-ilafores/analysis/boreal_moss/preproc/S-19-POLPIL-G/S-19-POLPIL-G_unmatched_2.fastq,S-19-POLPIL-G,d96be4e4,766734000,31,DNA,1000,766734,True,0.7566467918913194,0.8853514836356818,0.8209991377635006,0.8853514836356818,False,221,7471,2332058
89000,0.00011607676195395013,0.013943907463159563,0.00011477252867356867,6.646489924350081e-05,1.7613636363636365,1.0,1.4380725593482455,/nfs3_ib/nfs-ip34/home/def-ilafores/ref_dbs/sourmash_db/gtdb-rs214-reps.k31.zip,"GCA_023231945.1 Comamonadaceae bacterium BS-T2-15 strain=BS-T2-15 ASM2323194v1",be84853b0c595a0b38db8da38d8600ce,0.014102360957059103,88000,11,1977000,/nfs3_ib/nfs-ip34//home/def-ilafores/analysis/boreal_moss/preproc/S-19-POLPIL-G/S-19-POLPIL-G_unmatched_2.fastq,S-19-POLPIL-G,d96be4e4,766734000,31,DNA,1000,766734,True,0.7465455301190395,0.8715649090053996,0.8090552195622196,0.8715649090053996,False,155,7626,2332058
132000,0.000172158793010353,0.014983254010223868,0.00011085982883242429,5.531594840265551e-05,1.5176470588235293,1.0,0.8347139658854946,/nfs3_ib/nfs-ip34/home/def-ilafores/ref_dbs/sourmash_db/gtdb-rs214-reps.k31.zip,"GCF_004137085.1 Lichenibacterium ramalinae strain=RmlP001 ASM413708v1",e5caa7fff3b6534a1d79c51129b48eb6,0.023268112109994712,85000,12,1892000,/nfs3_ib/nfs-ip34//home/def-ilafores/analysis/boreal_moss/preproc/S-19-POLPIL-G/S-19-POLPIL-G_unmatched_2.fastq,S-19-POLPIL-G,d96be4e4,766734000,31,DNA,1000,766734,True,0.7560984740717377,0.8857575762691122,0.820928025170425,0.8857575762691122,False,129,7755,2332058
85000,0.00011085982883242429,0.028091812264474134,0.0001069471289912799,5.9604006418365236e-05,1.6951219512195121,1.0,1.0440192549182679,/nfs3_ib/nfs-ip34/home/def-ilafores/ref_dbs/sourmash_db/gtdb-rs214-reps.k31.zip,"GCF_903642285.1 Sphingomonas bacterium MAGs_Cladonia_metabat2_9",66cfd08091988b835a58977d895817b0,0.029119561493662214,82000,13,1810000,/nfs3_ib/nfs-ip34//home/def-ilafores/analysis/boreal_moss/preproc/S-19-POLPIL-G/S-19-POLPIL-G_unmatched_2.fastq,S-19-POLPIL-G,d96be4e4,766734000,31,DNA,1000,766734,True,0.745438932346771,0.892190460146765,0.818814696246768,0.892190460146765,False,139,7894,2332058
363000,0.00047343668077847074,0.008631023735315272,9.390479618746527e-05,4.245177435552632e-05,1.375,1.0,0.9780578828587918,/nfs3_ib/nfs-ip34/home/def-ilafores/ref_dbs/sourmash_db/gtdb-rs214-reps.k31.zip,"GCA_015206945.1 Nostocales cyanobacterium LEGE 12452 strain=LEGE 12452 ASM1520694v1",8d68c94d882808a058fb0d5fc41da53c,0.04351474466554783,72000,14,1738000,/nfs3_ib/nfs-ip34//home/def-ilafores/analysis/boreal_moss/preproc/S-19-POLPIL-G/S-19-POLPIL-G_unmatched_2.fastq,S-19-POLPIL-G,d96be4e4,766734000,31,DNA,1000,766734,True,0.7811786835899452,0.9038264497051403,0.8425025666475427,0.9038264497051403,False,99,7993,2332058
69000,8.999209634632088e-05,0.013617395124094003,8.086246338365065e-05,4.631102656966508e-05,1.7419354838709677,1.0,1.203965006872356,/nfs3_ib/nfs-ip34/home/def-ilafores/ref_dbs/sourmash_db/gtdb-rs214-reps.k31.zip,"GCF_000241485.1 Sphingomonas sp. PAMC 26605 strain=PAMC 26605 ASM24148v1",a94bc29217b4f097eefb5b4be032f15a,0.015154842960685262,62000,15,1676000,/nfs3_ib/nfs-ip34//home/def-ilafores/analysis/boreal_moss/preproc/S-19-POLPIL-G/S-19-POLPIL-G_unmatched_2.fastq,S-19-POLPIL-G,d96be4e4,766734000,31,DNA,1000,766734,True,0.7404410082350421,0.8735909192006096,0.8070159637178258,0.8735909192006096,False,108,8101,2332058
119000,0.000155203760365394,0.009646856158484065,7.303706370136188e-05,3.5590881530390754e-05,1.4821428571428572,1.0,0.8449655831657843,/nfs3_ib/nfs-ip34/home/def-ilafores/ref_dbs/sourmash_db/gtdb-rs214-reps.k31.zip,"GCF_021730615.1 Lichenibacterium sp. 6Y81 strain=6Y81 ASM2173061v1",173b1e87a8bf9cb02e8337a61eed4cff,0.02049956933677864,56000,16,1620000,/nfs3_ib/nfs-ip34//home/def-ilafores/analysis/boreal_moss/preproc/S-19-POLPIL-G/S-19-POLPIL-G_unmatched_2.fastq,S-19-POLPIL-G,d96be4e4,766734000,31,DNA,1000,766734,True,0.7535739527759115,0.8821453573600487,0.8178596550679802,0.8821453573600487,False,83,8184,2332058
235000,0.0003064948208896436,0.009822090437361009,6.91243638602175e-05,3.258924091939394e-05,1.4339622641509433,1.0,0.8580239245963829,/nfs3_ib/nfs-ip34/home/def-ilafores/ref_dbs/sourmash_db/gtdb-rs214-reps.k31.zip,"GCF_022179125.1 Methylobacterium cerastii strain=DSM 23679 ASM2217912v1",42dc6e59959f45af47426c79f76d9bb6,0.043550778354336545,53000,17,1567000,/nfs3_ib/nfs-ip34//home/def-ilafores/analysis/boreal_moss/preproc/S-19-POLPIL-G/S-19-POLPIL-G_unmatched_2.fastq,S-19-POLPIL-G,d96be4e4,766734000,31,DNA,1000,766734,True,0.7702980722148978,0.9038505832813004,0.8370743277480991,0.9038505832813004,False,76,8260,2332058
63000,8.216669666403211e-05,0.005149024655906526,6.782013057983603e-05,3.516207572881978e-05,1.5769230769230769,1.0,1.1324947587950351,/nfs3_ib/nfs-ip34/home/def-ilafores/ref_dbs/sourmash_db/gtdb-rs214-reps.k31.zip,"GCA_016903675.1 Stigonema ocellatum SAG 48.90 = DSM 106950 ASM1690367v1",ba44ced52d5322f77d2df2b9e3d1afb5,0.006238241410040598,52000,18,1515000,/nfs3_ib/nfs-ip34//home/def-ilafores/analysis/boreal_moss/preproc/S-19-POLPIL-G/S-19-POLPIL-G_unmatched_2.fastq,S-19-POLPIL-G,d96be4e4,766734000,31,DNA,1000,766734,True,0.7382713148004749,0.8489321350536511,0.793601724927063,0.8489321350536511,False,82,8342,2332058
