intersect_bp,f_orig_query,f_match,f_unique_to_query,f_unique_weighted,average_abund,median_abund,std_abund,filename,name,md5,f_match_orig,unique_intersect_bp,gather_result_rank,remaining_bp,query_filename,query_name,query_md5,query_bp,ksize,moltype,scaled,query_n_hashes,query_abundance,query_containment_ani,match_containment_ani,average_containment_ani,max_containment_ani,potential_false_negative,n_unique_weighted_found,sum_weighted_found,total_weighted_hashes
828000,0.0010863433002269774,0.17286012526096034,0.0010863433002269774,0.0005943990936558658,1.567632850241546,1.0,1.991895584560202,/nfs3_ib/nfs-ip34/home/def-ilafores/ref_dbs/sourmash_db/gtdb-rs214-reps.k31.zip,"GCF_005844085.1 Acetobacteraceae bacterium KEBCLARHB70R strain=KEBCLARHB70R, ASM584408v1",498150ab681f0d11140df321d485e8fa,0.17286012526096034,828000,0,4553000,/nfs3_ib/nfs-ip34/home/def-ilafores/analysis/boreal_moss/preproc/S-1-POLCOM-G/S-1-POLCOM-G_unmatched_2.fastq,S-1-POLCOM-G,c763d633,762190000,31,DNA,1000,762190,True,0.8023909748453425,0.9449514819008353,0.873671228373089,0.9449514819008353,False,1298,1298,2183718
307000,0.0004027867067266692,0.046771967489648826,0.0004001626890932707,0.00021706099413935315,1.5540983606557377,1.0,1.4902495962682363,/nfs3_ib/nfs-ip34/home/def-ilafores/ref_dbs/sourmash_db/gtdb-rs214-reps.k31.zip,"GCF_022829365.1 Methylobacterium sp. J-077 strain=J-077, ASM2282936v1",9427e56a12226d50b9c8d4cf56b920c1,0.04707866891581046,305000,1,4248000,/nfs3_ib/nfs-ip34/home/def-ilafores/analysis/boreal_moss/preproc/S-1-POLCOM-G/S-1-POLCOM-G_unmatched_2.fastq,S-1-POLCOM-G,c763d633,762190000,31,DNA,1000,762190,True,0.7771167940630596,0.9061245073133123,0.8416206506881859,0.9061245073133123,False,474,1772,2183718
258000,0.00033849827470840604,0.03979785217940619,0.00033062622180821057,0.00015386602116207313,1.3333333333333333,1.0,0.7867957924694432,/nfs3_ib/nfs-ip34/home/def-ilafores/ref_dbs/sourmash_db/gtdb-rs214-reps.k31.zip,"GCF_009765865.1 Acidisoma sp. L85 strain=L85, ASM976586v1",e0fbbbd0ecdd728008181bce864d69b3,0.04074542008843967,252000,2,3996000,/nfs3_ib/nfs-ip34/home/def-ilafores/analysis/boreal_moss/preproc/S-1-POLCOM-G/S-1-POLCOM-G_unmatched_2.fastq,S-1-POLCOM-G,c763d633,762190000,31,DNA,1000,762190,True,0.7727699191236016,0.901911308385351,0.8373406137544763,0.901911308385351,False,336,2108,2183718
212000,0.0002781458691402406,0.02755696873343932,0.00027289783387344363,0.00014195972190548414,1.4903846153846154,1.0,1.251884673876308,/nfs3_ib/nfs-ip34/home/def-ilafores/ref_dbs/sourmash_db/gtdb-rs214-reps.k31.zip,"GCF_009766005.1 Bradyrhizobium sp. S69 strain=S69, ASM976600v1",6e925e11ef1a02ddd098c16a7dec1db9,0.028086910439851617,208000,3,3788000,/nfs3_ib/nfs-ip34/home/def-ilafores/analysis/boreal_moss/preproc/S-1-POLCOM-G/S-1-POLCOM-G_unmatched_2.fastq,S-1-POLCOM-G,c763d633,762190000,31,DNA,1000,762190,True,0.767890185044021,0.8911519073236064,0.8295210461838136,0.8911519073236064,False,310,2418,2183718
191000,0.0002505936839895564,0.02340686274509804,0.0002505936839895564,0.00011997886173947369,1.3717277486910995,1.0,1.0145726922546032,/nfs3_ib/nfs-ip34/home/def-ilafores/ref_dbs/sourmash_db/gtdb-rs214-reps.k31.zip,"GCF_001557535.2 Burkholderia sp. PAMC 26561 strain=PAMC 26561, ASM155753v2",fd0c18741012ebc26c58ba341945dc59,0.02340686274509804,191000,4,3597000,/nfs3_ib/nfs-ip34/home/def-ilafores/analysis/boreal_moss/preproc/S-1-POLCOM-G/S-1-POLCOM-G_unmatched_2.fastq,S-1-POLCOM-G,c763d633,762190000,31,DNA,1000,762190,True,0.7653106303569797,0.8859274698580266,0.8256190501075031,0.8859274698580266,False,262,2680,2183718
147000,0.00019286529605478948,0.033046311380032584,0.00018630525197129325,0.00014058591814510848,2.1619718309859155,2.0,1.6428990348293244,/nfs3_ib/nfs-ip34/home/def-ilafores/ref_dbs/sourmash_db/gtdb-rs214-reps.k31.zip,"GCA_901457705.2 Beijerinckiaceae bacterium RH AL1, RHAL1_v2",68d38d139272b52f79455dbcc287ec27,0.03420991389341401,142000,5,3455000,/nfs3_ib/nfs-ip34/home/def-ilafores/analysis/boreal_moss/preproc/S-1-POLCOM-G/S-1-POLCOM-G_unmatched_2.fastq,S-1-POLCOM-G,c763d633,762190000,31,DNA,1000,762190,True,0.7588736734591807,0.8968391946891209,0.8278564340741508,0.8968391946891209,False,307,2987,2183718
147000,0.00019286529605478948,0.014256410256410256,0.0001823692255211955,8.517583314329048e-05,1.3381294964028776,1.0,0.5943856853448878,/nfs3_ib/nfs-ip34/home/def-ilafores/ref_dbs/sourmash_db/gtdb-rs214-reps.k31.zip,"GCF_900116445.1 Paraburkholderia aspalathi strain=LMG 27731, IMG-taxon 2671180117 annotated assembly",071308878e6c6be9f7b7989d4e2e1081,0.015076923076923076,139000,6,3316000,/nfs3_ib/nfs-ip34/home/def-ilafores/analysis/boreal_moss/preproc/S-1-POLCOM-G/S-1-POLCOM-G_unmatched_2.fastq,S-1-POLCOM-G,c763d633,762190000,31,DNA,1000,762190,True,0.7588736734591807,0.8734456658883081,0.8161596696737443,0.8734456658883081,False,186,3173,2183718
165000,0.00021648145475537596,0.014384656366542355,0.0001771211902543985,7.922268351499598e-05,1.2814814814814814,1.0,0.6627870654301492,/nfs3_ib/nfs-ip34/home/def-ilafores/ref_dbs/sourmash_db/gtdb-rs214-reps.k31.zip,"GCF_002220365.1 Caballeronia sordidicola strain=PAMC 26633, ASM222036v1",8e53a40c47af10041f1ae723589e6530,0.017581246670218435,135000,7,3181000,/nfs3_ib/nfs-ip34/home/def-ilafores/analysis/boreal_moss/preproc/S-1-POLCOM-G/S-1-POLCOM-G_unmatched_2.fastq,S-1-POLCOM-G,c763d633,762190000,31,DNA,1000,762190,True,0.7617066802902901,0.8777860991120598,0.819746389701175,0.8777860991120598,False,173,3346,2183718
172000,0.0002256655164722707,0.019878429439789715,0.00015875306682060903,9.296072111875251e-05,1.677685950413223,1.0,1.1868067861509088,/nfs3_ib/nfs-ip34/home/def-ilafores/ref_dbs/sourmash_db/gtdb-rs214-reps.k31.zip,"GCF_022829585.1 Methylobacterium sp. J-026 strain=J-026, ASM2282958v1",a2812e6a63e8d582bea34bde88b2b2b3,0.028256941021849846,121000,8,3060000,/nfs3_ib/nfs-ip34/home/def-ilafores/analysis/boreal_moss/preproc/S-1-POLCOM-G/S-1-POLCOM-G_unmatched_2.fastq,S-1-POLCOM-G,c763d633,762190000,31,DNA,1000,762190,True,0.7627282729165736,0.8913254251703657,0.8270268490434697,0.8913254251703657,False,203,3549,2183718
116000,0.0001521930227371128,0.0255928621742193,0.00014300896102021805,7.87647489282041e-05,1.5779816513761469,1.0,0.9015132841495962,/nfs3_ib/nfs-ip34/home/def-ilafores/ref_dbs/sourmash_db/gtdb-rs214-reps.k31.zip,"GCA_903871605.1 uncultured Sphingomonadaceae bacterium, freshwater MAG --- MJ-time_bin-2722",27675496e0a87cf632f1b72a34005225,0.027236440478985678,109000,9,2951000,/nfs3_ib/nfs-ip34/home/def-ilafores/analysis/boreal_moss/preproc/S-1-POLCOM-G/S-1-POLCOM-G_unmatched_2.fastq,S-1-POLCOM-G,c763d633,762190000,31,DNA,1000,762190,True,0.753097911676184,0.8902684422290763,0.8216831769526302,0.8902684422290763,False,172,3721,2183718
110000,0.0001443209698369173,0.014878514878514878,0.00014300896102021805,0.00012043679632626557,2.4128440366972477,1.0,3.2768607968751846,/nfs3_ib/nfs-ip34/home/def-ilafores/ref_dbs/sourmash_db/gtdb-rs214-reps.k31.zip,"GCF_014203275.1 Granulicella aggregans strain=M8UP14, ASM1420327v1",779f272f13d6fda4647ee89872acf2a3,0.015015015015015015,109000,10,2842000,/nfs3_ib/nfs-ip34/home/def-ilafores/analysis/boreal_moss/preproc/S-1-POLCOM-G/S-1-POLCOM-G_unmatched_2.fastq,S-1-POLCOM-G,c763d633,762190000,31,DNA,1000,762190,True,0.7518087937295925,0.8733297419743622,0.8125692678519774,0.8733297419743622,False,263,3984,2183718
103000,0.00013513690812002257,0.0151231945624469,0.0001167687846862331,6.68584496716151e-05,1.6404494382022472,1.0,1.630104367040192,/nfs3_ib/nfs-ip34/home/def-ilafores/ref_dbs/sourmash_db/gtdb-rs214-reps.k31.zip,"GCF_004137685.1 Lichenibacterium minor strain=RmlP026, ASM413768v1",1cfdff9a5643f1bc741e8140111fd291,0.01750212404418012,89000,11,2753000,/nfs3_ib/nfs-ip34/home/def-ilafores/analysis/boreal_moss/preproc/S-1-POLCOM-G/S-1-POLCOM-G_unmatched_2.fastq,S-1-POLCOM-G,c763d633,762190000,31,DNA,1000,762190,True,0.750215888004866,0.8776583889304572,0.8139371384676617,0.8776583889304572,False,146,4130,2183718
81000,0.0001062727141526391,0.012200919030264617,0.00010102467888584211,5.8157692522569305e-05,1.6493506493506493,1.0,1.0902904863280705,/nfs3_ib/nfs-ip34/home/def-ilafores/ref_dbs/sourmash_db/gtdb-rs214-reps.k31.zip,"GCA_023231945.1 Comamonadaceae bacterium BS-T2-15 strain=BS-T2-15, ASM2323194v1",be84853b0c595a0b38db8da38d8600ce,0.01283473300586278,77000,12,2676000,/nfs3_ib/nfs-ip34/home/def-ilafores/analysis/boreal_moss/preproc/S-1-POLCOM-G/S-1-POLCOM-G_unmatched_2.fastq,S-1-POLCOM-G,c763d633,762190000,31,DNA,1000,762190,True,0.7444234702907581,0.8689208544762741,0.806672162383516,0.8689208544762741,False,127,4257,2183718
86000,0.00011283275823613534,0.014084507042253521,9.971267006914287e-05,7.372746847349338e-05,2.1184210526315788,1.0,2.3673608738266347,/nfs3_ib/nfs-ip34/home/def-ilafores/ref_dbs/sourmash_db/gtdb-rs214-reps.k31.zip,"GCF_000178975.2 Granulicella tundricola MP5ACTX9 strain=MP5ACTX9, ASM17897v2",41236b242bd79dbd3400694dddecfe2a,0.015937731653076354,76000,13,2600000,/nfs3_ib/nfs-ip34/home/def-ilafores/analysis/boreal_moss/preproc/S-1-POLCOM-G/S-1-POLCOM-G_unmatched_2.fastq,S-1-POLCOM-G,c763d633,762190000,31,DNA,1000,762190,True,0.7458632344240407,0.8750114950432574,0.810437364733649,0.8750114950432574,False,161,4418,2183718
148000,0.00019417730487148873,0.008819774863641638,9.971267006914287e-05,4.350378574522901e-05,1.25,1.0,0.4900322223562124,/nfs3_ib/nfs-ip34/home/def-ilafores/ref_dbs/sourmash_db/gtdb-rs214-reps.k31.zip,"GCF_009766085.1 Burkholderia sp. S171 strain=S171, ASM976608v1",af92cda95dc671e40e3ebdc41284d4f1,0.017175351050249508,76000,14,2524000,/nfs3_ib/nfs-ip34/home/def-ilafores/analysis/boreal_moss/preproc/S-1-POLCOM-G/S-1-POLCOM-G_unmatched_2.fastq,S-1-POLCOM-G,c763d633,762190000,31,DNA,1000,762190,True,0.7590396569625706,0.8771249639593465,0.8180823104609585,0.8771249639593465,False,95,4513,2183718
80000,0.00010496070533593985,0.011091744572967834,9.184061716894738e-05,4.899900078673162e-05,1.5285714285714285,1.0,1.3279568470982415,/nfs3_ib/nfs-ip34/home/def-ilafores/ref_dbs/sourmash_db/gtdb-rs214-reps.k31.zip,"GCF_000178955.2 Granulicella mallensis MP5ACTX8 strain=MP5ACTX8, ASM17895v2",85df8b963ace9b13c49eb53d9c4e3ce1,0.01267627951196324,70000,15,2454000,/nfs3_ib/nfs-ip34/home/def-ilafores/analysis/boreal_moss/preproc/S-1-POLCOM-G/S-1-POLCOM-G_unmatched_2.fastq,S-1-POLCOM-G,c763d633,762190000,31,DNA,1000,762190,True,0.7441252198774517,0.8685727246626388,0.8063489722700452,0.8685727246626388,False,107,4620,2183718
83000,0.0001088967317860376,0.01835357624831309,8.921659953554887e-05,6.0447365456528726e-05,1.9411764705882353,1.0,1.8933502281683627,/nfs3_ib/nfs-ip34/home/def-ilafores/ref_dbs/sourmash_db/gtdb-rs214-reps.k31.zip,"GCA_903844135.1 uncultured Rhodospirillales bacterium, freshwater MAG --- MJ130916B_bin-262",fcc7abb941eedee9915d909c1f844176,0.022402159244264506,68000,16,2386000,/nfs3_ib/nfs-ip34/home/def-ilafores/analysis/boreal_moss/preproc/S-1-POLCOM-G/S-1-POLCOM-G_unmatched_2.fastq,S-1-POLCOM-G,c763d633,762190000,31,DNA,1000,762190,True,0.7450094288531256,0.8846745717855947,0.8148420003193602,0.8846745717855947,False,132,4752,2183718
69000,9.052860835224813e-05,0.011584327086882453,8.921659953554887e-05,4.716726243956408e-05,1.5147058823529411,1.0,0.8827205116740541,/nfs3_ib/nfs-ip34/home/def-ilafores/ref_dbs/sourmash_db/gtdb-rs214-reps.k31.zip,"GCF_010729665.1 Mycolicibacterium madagascariense strain=JCM 13574, ASM1072966v1",55d8fcdb32ddbe2b0c924561b5479a7c,0.011754684838160136,68000,17,2318000,/nfs3_ib/nfs-ip34/home/def-ilafores/analysis/boreal_moss/preproc/S-1-POLCOM-G/S-1-POLCOM-G_unmatched_2.fastq,S-1-POLCOM-G,c763d633,762190000,31,DNA,1000,762190,True,0.7405829970407052,0.8664604453566127,0.803521721198659,0.8664604453566127,False,103,4855,2183718
75000,9.840066125244362e-05,0.01138353765323993,8.528057308545113e-05,6.0447365456528726e-05,2.0307692307692307,1.0,1.6452190012670587,/nfs3_ib/nfs-ip34/home/def-ilafores/ref_dbs/sourmash_db/gtdb-rs214-reps.k31.zip,"GCF_009765775.1 Beijerinckia sp. L45 strain=L45, ASM976577v1",ae5f3bc63133505265197fb93036857f,0.013134851138353765,65000,18,2253000,/nfs3_ib/nfs-ip34/home/def-ilafores/analysis/boreal_moss/preproc/S-1-POLCOM-G/S-1-POLCOM-G_unmatched_2.fastq,S-1-POLCOM-G,c763d633,762190000,31,DNA,1000,762190,True,0.7425776461727738,0.8695689768529002,0.806073311512837,0.8695689768529002,False,132,4987,2183718
65000,8.528057308545113e-05,0.019753086419753086,8.396856426875189e-05,6.0905300043320614e-05,2.078125,1.0,2.0101670289742093,/nfs3_ib/nfs-ip34/home/def-ilafores/ref_dbs/sourmash_db/gtdb-rs214-reps.k31.zip,"GCA_903970385.1 Rhodospirillales bacterium, BOG_genome_mining.22",184f66a2c882535d504dc2c45dabcb82,0.020061728395061727,64000,19,2189000,/nfs3_ib/nfs-ip34/home/def-ilafores/analysis/boreal_moss/preproc/S-1-POLCOM-G/S-1-POLCOM-G_unmatched_2.fastq,S-1-POLCOM-G,c763d633,762190000,31,DNA,1000,762190,True,0.7391576913288134,0.8815312014602248,0.8103444463945191,0.8815312014602248,False,133,5120,2183718
67000,8.790459071884963e-05,0.008840864440078585,8.265655545205264e-05,4.3045851158437126e-05,1.492063492063492,1.0,1.0521786297889872,/nfs3_ib/nfs-ip34/home/def-ilafores/ref_dbs/sourmash_db/gtdb-rs214-reps.k31.zip,"GCA_001899645.1 Pseudonocardia sp. 73-21, ASM189964v1",344da35130fd1cc529357e95c9b79ce0,0.00940218916643278,63000,20,2126000,/nfs3_ib/nfs-ip34/home/def-ilafores/analysis/boreal_moss/preproc/S-1-POLCOM-G/S-1-POLCOM-G_unmatched_2.fastq,S-1-POLCOM-G,c763d633,762190000,31,DNA,1000,762190,True,0.7398806392313119,0.8602413014364645,0.8000609703338881,0.8602413014364645,False,94,5214,2183718
74000,9.708865243574436e-05,0.01078397808969531,8.265655545205264e-05,4.212998198485335e-05,1.4603174603174602,1.0,0.8512436620820267,/nfs3_ib/nfs-ip34/home/def-ilafores/ref_dbs/sourmash_db/gtdb-rs214-reps.k31.zip,"GCF_009765825.1 Granulicella sp. L60 strain=L60, ASM976582v1",e3e5ae281e397825cac8b36ef8a357a0,0.01266689489900719,63000,21,2063000,/nfs3_ib/nfs-ip34/home/def-ilafores/analysis/boreal_moss/preproc/S-1-POLCOM-G/S-1-POLCOM-G_unmatched_2.fastq,S-1-POLCOM-G,c763d633,762190000,31,DNA,1000,762190,True,0.7422561791676772,0.8685519743485489,0.805404076758113,0.8685519743485489,False,92,5306,2183718
65000,8.528057308545113e-05,0.013551301355130135,8.265655545205264e-05,3.7550636116934516e-05,1.3015873015873016,1.0,0.6333313442304763,/nfs3_ib/nfs-ip34/home/def-ilafores/ref_dbs/sourmash_db/gtdb-rs214-reps.k31.zip,"GCF_014200755.1 Rhodanobacter sp. ANJX3 strain=ANJX3, ASM1420075v1",7fef193f7ba419cdf3a4ddc2e3c2e444,0.01398150139815014,63000,22,2000000,/nfs3_ib/nfs-ip34/home/def-ilafores/analysis/boreal_moss/preproc/S-1-POLCOM-G/S-1-POLCOM-G_unmatched_2.fastq,S-1-POLCOM-G,c763d633,762190000,31,DNA,1000,762190,True,0.7391576913288134,0.8713229540065326,0.805240322667673,0.8713229540065326,False,82,5388,2183718
68000,8.921659953554887e-05,0.0122942279641592,7.740852018525564e-05,3.480302859618321e-05,1.2881355932203389,1.0,0.760259711593417,/nfs3_ib/nfs-ip34/home/def-ilafores/ref_dbs/sourmash_db/gtdb-rs214-reps.k31.zip,"GCF_009765965.1 Caulobacter sp. S45 strain=S45, ASM976596v1",984f7883e4f7d7351bce3833a3de821e,0.014169618670556366,59000,23,1941000,/nfs3_ib/nfs-ip34/home/def-ilafores/analysis/boreal_moss/preproc/S-1-POLCOM-G/S-1-POLCOM-G_unmatched_2.fastq,S-1-POLCOM-G,c763d633,762190000,31,DNA,1000,762190,True,0.7402343171286181,0.8716986880424537,0.8059665025855358,0.8716986880424537,False,76,5464,2183718
67000,8.790459071884963e-05,0.008655964746616304,7.216048491845865e-05,4.167204739806147e-05,1.6545454545454545,1.0,0.9948628378403238,/nfs3_ib/nfs-ip34/home/def-ilafores/ref_dbs/sourmash_db/gtdb-rs214-reps.k31.zip,"GCF_009765685.1 Acidisphaera sp. L21 strain=L21, ASM976568v1",1bca1b40f211f3db7a56f85f6420d321,0.010544538873150771,55000,24,1886000,/nfs3_ib/nfs-ip34/home/def-ilafores/analysis/boreal_moss/preproc/S-1-POLCOM-G/S-1-POLCOM-G_unmatched_2.fastq,S-1-POLCOM-G,c763d633,762190000,31,DNA,1000,762190,True,0.7398806392313119,0.8634291298317097,0.8016548845315108,0.8634291298317097,False,91,5555,2183718
129000,0.00016924913735420302,0.0052767821585025885,6.953646728506015e-05,3.068161731505625e-05,1.2641509433962264,1.0,0.7307515747561164,/nfs3_ib/nfs-ip34/home/def-ilafores/ref_dbs/sourmash_db/gtdb-rs214-reps.k31.zip,"GCF_001544555.2 Caballeronia udeis, Burkholderia udeis LMG 27134",0d029fa4270d28426c0692ce0afefe9b,0.012843488649940263,53000,25,1833000,/nfs3_ib/nfs-ip34/home/def-ilafores/analysis/boreal_moss/preproc/S-1-POLCOM-G/S-1-POLCOM-G_unmatched_2.fastq,S-1-POLCOM-G,c763d633,762190000,31,DNA,1000,762190,True,0.7556828451358295,0.8689399695717549,0.8123114073537923,0.8689399695717549,False,67,5622,2183718
68000,8.921659953554887e-05,0.010862753290160853,6.822445846836091e-05,3.2513355662223785e-05,1.3653846153846154,1.0,0.7078908584348447,/nfs3_ib/nfs-ip34/home/def-ilafores/ref_dbs/sourmash_db/gtdb-rs214-reps.k31.zip,"GCF_014201315.1 Edaphobacter lichenicola strain=M8UP27, ASM1420131v1",aa1a7f52707ddceed75c266fe9f9fdf6,0.014205138917902652,52000,26,1781000,/nfs3_ib/nfs-ip34/home/def-ilafores/analysis/boreal_moss/preproc/S-1-POLCOM-G/S-1-POLCOM-G_unmatched_2.fastq,S-1-POLCOM-G,c763d633,762190000,31,DNA,1000,762190,True,0.7402343171286181,0.8717690918715463,0.8060017045000822,0.8717690918715463,False,71,5693,2183718
57000,7.478450255185715e-05,0.013620266957232362,6.560044083496242e-05,4.212998198485335e-05,1.84,1.0,1.1551623262554922,/nfs3_ib/nfs-ip34/home/def-ilafores/ref_dbs/sourmash_db/gtdb-rs214-reps.k31.zip,"GCA_903644065.1 Betaproteobacteria bacterium, MAGs_Lobaria_metabat2_15",f9ac4088a0367cbc38e63a20f90ff803,0.015527104331244893,50000,27,1731000,/nfs3_ib/nfs-ip34/home/def-ilafores/analysis/boreal_moss/preproc/S-1-POLCOM-G/S-1-POLCOM-G_unmatched_2.fastq,S-1-POLCOM-G,c763d633,762190000,31,DNA,1000,762190,True,0.7360327666959341,0.8742750399653614,0.8051539033306477,0.8742750399653614,False,92,5785,2183718
