intersect_bp,f_orig_query,f_match,f_unique_to_query,f_unique_weighted,average_abund,median_abund,std_abund,filename,name,md5,f_match_orig,unique_intersect_bp,gather_result_rank,remaining_bp,query_filename,query_name,query_md5,query_bp,ksize,moltype,scaled,query_n_hashes,query_abundance,query_containment_ani,match_containment_ani,average_containment_ani,max_containment_ani,potential_false_negative,n_unique_weighted_found,sum_weighted_found,total_weighted_hashes
3436000,0.0029487234499034542,0.46933479032919,0.0029487234499034542,0.003143453411942472,2.139697322467986,2.0,1.4743583759868752,/nfs3_ib/nfs-ip34/home/def-ilafores/analysis/NovelTaxa/Boreal_mosses/tmp/sourmash/sketches/nMAGs_index.sbt.zip,Brown_J.bin.8,26abc9af027f1bb8a966d677689a6c89,0.46933479032919,3436000,0,53583000,/nfs3_ib/nfs-ip34/home/def-ilafores/analysis/boreal_moss/preproc/S-23-POLPIL-G/S-23-POLPIL-G_unmatched_2.fastq,S-23-POLPIL-G,789c68e1,1165250000,31,DNA,1000,1165250,True,0.8286579318131919,0.9758940481404829,0.9022759899768373,0.9758940481404829,False,7352,7352,2338829
3273000,0.0028088393048701994,0.35779712767160465,0.002715297146535078,0.0023644310892331163,1.747787610619469,1.0,2.061225817062173,/nfs3_ib/nfs-ip34/home/def-ilafores/analysis/NovelTaxa/Boreal_mosses/tmp/sourmash/sketches/nMAGs_index.sbt.zip,Brown_Z.bin.1,fa3beca0c629faeec757444fce4d46ad,0.37012326133665047,3164000,1,50419000,/nfs3_ib/nfs-ip34/home/def-ilafores/analysis/boreal_moss/preproc/S-23-POLPIL-G/S-23-POLPIL-G_unmatched_2.fastq,S-23-POLPIL-G,789c68e1,1165250000,31,DNA,1000,1165250,True,0.8273598009165825,0.9684466243152072,0.8979032126158948,0.9684466243152072,False,5530,12882,2338829
2744000,0.0023548594722162626,0.7788816349701958,0.0023548594722162626,0.0030942835068318375,2.637390670553936,2.0,1.7089845455189414,/nfs3_ib/nfs-ip34/home/def-ilafores/analysis/NovelTaxa/Boreal_mosses/tmp/sourmash/sketches/nMAGs_index.sbt.zip,Brown_X.bin.4,0b6b5f69d58cb71d2980061004210fb9,0.7788816349701958,2744000,2,47675000,/nfs3_ib/nfs-ip34/home/def-ilafores/analysis/boreal_moss/preproc/S-23-POLPIL-G/S-23-POLPIL-G_unmatched_2.fastq,S-23-POLPIL-G,789c68e1,1165250000,31,DNA,1000,1165250,True,0.82266813780788,0.9919712366768398,0.9073196872423599,0.9919712366768398,False,7237,20119,2338829
2681000,0.0023007938210684404,0.4990597969161339,0.0022776228277193735,0.002068556529784777,1.8229088168801808,1.0,1.177656714337863,/nfs3_ib/nfs-ip34/home/def-ilafores/analysis/NovelTaxa/Boreal_mosses/tmp/sourmash/sketches/nMAGs_index.sbt.zip,Green_AD.bin.2,266590aa5e5fb739639d906ef258672e,0.5041368935690109,2654000,3,45021000,/nfs3_ib/nfs-ip34/home/def-ilafores/analysis/boreal_moss/preproc/S-23-POLPIL-G/S-23-POLPIL-G_unmatched_2.fastq,S-23-POLPIL-G,789c68e1,1165250000,31,DNA,1000,1165250,True,0.8220519818929104,0.9781484919826469,0.9001002369377786,0.9781484919826469,False,4838,24957,2338829
2006000,0.0017215189873417721,0.4864143619602135,0.001720660802402918,0.0017726819703364376,2.0678304239401495,2.0,1.356755529656664,/nfs3_ib/nfs-ip34/home/def-ilafores/analysis/NovelTaxa/Boreal_mosses/tmp/sourmash/sketches/nMAGs_index.sbt.zip,Green_Q.bin.1,4a55c188a08e129bcb7db79be3cc946c,0.48665696263949537,2005000,4,43016000,/nfs3_ib/nfs-ip34/home/def-ilafores/analysis/boreal_moss/preproc/S-23-POLPIL-G/S-23-POLPIL-G_unmatched_2.fastq,S-23-POLPIL-G,789c68e1,1165250000,31,DNA,1000,1165250,True,0.8143964372192517,0.9770356656323,0.8957160514257758,0.9770356656323,False,4146,29103,2338829
1951000,0.0016743188157047845,0.4634204275534442,0.0016743188157047845,0.0014314855853078613,1.7160430548436698,1.0,1.0277263007475674,/nfs3_ib/nfs-ip34/home/def-ilafores/analysis/NovelTaxa/Boreal_mosses/tmp/sourmash/sketches/nMAGs_index.sbt.zip,Brown_AD.bin.6,014fbf959cad7372de253ee1ac7df5b1,0.4634204275534442,1951000,5,41065000,/nfs3_ib/nfs-ip34/home/def-ilafores/analysis/boreal_moss/preproc/S-23-POLPIL-G/S-23-POLPIL-G_unmatched_2.fastq,S-23-POLPIL-G,789c68e1,1165250000,31,DNA,1000,1165250,True,0.8136664184029363,0.975494905399566,0.8945806619012511,0.975494905399566,False,3348,32451,2338829
1868000,0.0016030894657798756,0.5649803089972736,0.0016005149109633125,0.0017431800272700569,2.186058981233244,2.0,1.4222358136602886,/nfs3_ib/nfs-ip34/home/def-ilafores/analysis/NovelTaxa/Boreal_mosses/tmp/sourmash/sketches/nMAGs_index.sbt.zip,Green_N.bin.2,8eb8abc274c32c0421bd6a000e586a98,0.5658891245077249,1865000,6,39200000,/nfs3_ib/nfs-ip34/home/def-ilafores/analysis/boreal_moss/preproc/S-23-POLPIL-G/S-23-POLPIL-G_unmatched_2.fastq,S-23-POLPIL-G,789c68e1,1165250000,31,DNA,1000,1165250,True,0.8125261501482933,0.9818012752335898,0.8971637126909415,0.9818012752335898,False,4077,36528,2338829
1608000,0.0013799613816777515,0.2530274059910771,0.001362797682900665,0.0011120949842848707,1.6379093198992443,1.0,1.1873593934898587,/nfs3_ib/nfs-ip34/home/def-ilafores/analysis/NovelTaxa/Boreal_mosses/tmp/sourmash/sketches/nMAGs_index.sbt.zip,Brown_AE.bin.1,7fd91cd2d59105e57f40f449852ef388,0.25621414913957935,1588000,7,37612000,/nfs3_ib/nfs-ip34/home/def-ilafores/analysis/boreal_moss/preproc/S-23-POLPIL-G/S-23-POLPIL-G_unmatched_2.fastq,S-23-POLPIL-G,789c68e1,1165250000,31,DNA,1000,1165250,True,0.8086072724909421,0.9570236736725222,0.8828154730817321,0.9570236736725222,False,2601,39129,2338829
1491000,0.0012795537438317958,0.264868726558314,0.001272688264320961,0.0012343784004730572,1.9467296021577882,2.0,1.2933753190108208,/nfs3_ib/nfs-ip34/home/def-ilafores/analysis/NovelTaxa/Boreal_mosses/tmp/sourmash/sketches/nMAGs_index.sbt.zip,Green_P.bin.6,84b6ad24d9a54c95d65519e42989f579,0.2662975531344883,1483000,8,36129000,/nfs3_ib/nfs-ip34/home/def-ilafores/analysis/boreal_moss/preproc/S-23-POLPIL-G/S-23-POLPIL-G_unmatched_2.fastq,S-23-POLPIL-G,789c68e1,1165250000,31,DNA,1000,1165250,True,0.8066391703150404,0.9582160860239266,0.8824276281694835,0.9582160860239266,False,2887,42016,2338829
1377000,0.0011817206608024028,0.44007670182166825,0.0011817206608024028,0.0010612148216051708,1.8024691358024691,1.0,1.1604320198624547,/nfs3_ib/nfs-ip34/home/def-ilafores/analysis/NovelTaxa/Boreal_mosses/tmp/sourmash/sketches/nMAGs_index.sbt.zip,Brown_T.bin.2,4c924ee448524f7c220c94cbad2fc27a,0.44007670182166825,1377000,9,34752000,/nfs3_ib/nfs-ip34/home/def-ilafores/analysis/boreal_moss/preproc/S-23-POLPIL-G/S-23-POLPIL-G_unmatched_2.fastq,S-23-POLPIL-G,789c68e1,1165250000,31,DNA,1000,1165250,True,0.80457214803199,0.9738698380151397,0.8892209930235648,0.9738698380151397,False,2482,44498,2338829
1257000,0.0010787384681398842,0.3156687898089172,0.0010632911392405063,0.0009196910077649969,1.7360774818401936,1.0,1.1165702329899125,/nfs3_ib/nfs-ip34/home/def-ilafores/analysis/NovelTaxa/Boreal_mosses/tmp/sourmash/sketches/nMAGs_index.sbt.zip,Brown_N.bin.1,26f6633a31f33bf4ded363421b51c4b2,0.32025477707006367,1239000,10,33513000,/nfs3_ib/nfs-ip34/home/def-ilafores/analysis/boreal_moss/preproc/S-23-POLPIL-G/S-23-POLPIL-G_unmatched_2.fastq,S-23-POLPIL-G,789c68e1,1165250000,31,DNA,1000,1165250,True,0.8022091629718867,0.9639361011666677,0.8830726320692772,0.9639361011666677,False,2151,46649,2338829
1248000,0.0010710148036901952,0.277602523659306,0.001057283844668526,0.0008401640308034491,1.5949675324675325,1.0,1.0323063946582685,/nfs3_ib/nfs-ip34/home/def-ilafores/analysis/NovelTaxa/Boreal_mosses/tmp/sourmash/sketches/nMAGs_index.sbt.zip,Green_T.bin.4,3e9b140ae3e3b0494ae7302299a42fd7,0.281207751239297,1232000,11,32281000,/nfs3_ib/nfs-ip34/home/def-ilafores/analysis/boreal_moss/preproc/S-23-POLPIL-G/S-23-POLPIL-G_unmatched_2.fastq,S-23-POLPIL-G,789c68e1,1165250000,31,DNA,1000,1165250,True,0.8020232360689055,0.9599015361641536,0.8809623861165295,0.9599015361641536,False,1965,48614,2338829
1128000,0.0009680326110276764,0.2986425339366516,0.0009628835013945505,0.0007708985992562945,1.606951871657754,1.0,0.925796749599814,/nfs3_ib/nfs-ip34/home/def-ilafores/analysis/NovelTaxa/Boreal_mosses/tmp/sourmash/sketches/nMAGs_index.sbt.zip,Brown_T.bin.5,a9ba98572162b95ec334c422a86584e4,0.30023955283470855,1122000,12,31159000,/nfs3_ib/nfs-ip34/home/def-ilafores/analysis/boreal_moss/preproc/S-23-POLPIL-G/S-23-POLPIL-G_unmatched_2.fastq,S-23-POLPIL-G,789c68e1,1165250000,31,DNA,1000,1165250,True,0.7994119661192772,0.9619314541792835,0.8806717101492804,0.9619314541792835,False,1803,50417,2338829
1163000,0.0009980690838875777,0.2701387198831833,0.0009525852821282986,0.000731562675167787,1.5414414414414415,1.0,0.865553873442986,/nfs3_ib/nfs-ip34/home/def-ilafores/analysis/NovelTaxa/Boreal_mosses/tmp/sourmash/sketches/nMAGs_index.sbt.zip,Green_M.bin.1,59f2fd9c8aa48868c34656193dd6352f,0.283037235337065,1110000,13,30049000,/nfs3_ib/nfs-ip34/home/def-ilafores/analysis/boreal_moss/preproc/S-23-POLPIL-G/S-23-POLPIL-G_unmatched_2.fastq,S-23-POLPIL-G,789c68e1,1165250000,31,DNA,1000,1165250,True,0.8002003355061904,0.9601023542693795,0.8801513448877849,0.9601023542693795,False,1711,52128,2338829
1110000,0.0009525852821282986,0.24831612034126627,0.0009491525423728814,0.0006999229101400744,1.4801084990958409,1.0,0.8621341045729077,/nfs3_ib/nfs-ip34/home/def-ilafores/analysis/NovelTaxa/Boreal_mosses/tmp/sourmash/sketches/nMAGs_index.sbt.zip,Brown_Y.bin.2,9ffa6ea1067881b644496d3439d08a0f,0.24921418949259094,1106000,14,28943000,/nfs3_ib/nfs-ip34/home/def-ilafores/analysis/boreal_moss/preproc/S-23-POLPIL-G/S-23-POLPIL-G_unmatched_2.fastq,S-23-POLPIL-G,789c68e1,1165250000,31,DNA,1000,1165250,True,0.7989972527273276,0.9561688812236229,0.8775830669754752,0.9561688812236229,False,1637,53765,2338829
1083000,0.0009294142887792319,0.3340530536705737,0.0009294142887792319,0.0008328954361349206,1.7987072945521698,1.0,1.114049533079038,/nfs3_ib/nfs-ip34/home/def-ilafores/analysis/NovelTaxa/Boreal_mosses/tmp/sourmash/sketches/nMAGs_index.sbt.zip,Brown_P.bin.2,cc496ca53dd1fc4d8e7fdcbe2efb8dac,0.3340530536705737,1083000,15,27860000,/nfs3_ib/nfs-ip34/home/def-ilafores/analysis/boreal_moss/preproc/S-23-POLPIL-G/S-23-POLPIL-G_unmatched_2.fastq,S-23-POLPIL-G,789c68e1,1165250000,31,DNA,1000,1165250,True,0.7983628161919646,0.9652486612202551,0.8818057387061098,0.9652486612202551,False,1948,55713,2338829
977000,0.0008384466852606737,0.2946289972058367,0.0008144175069727526,0.0006387812020459811,1.5742887249736566,1.0,0.8984312782500368,/nfs3_ib/nfs-ip34/home/def-ilafores/analysis/NovelTaxa/Boreal_mosses/tmp/sourmash/sketches/nMAGs_index.sbt.zip,Brown_J.bin.4,245a0c5b359af84b7b2bbbc435b9a35f,0.30332194970506055,949000,16,26911000,/nfs3_ib/nfs-ip34/home/def-ilafores/analysis/boreal_moss/preproc/S-23-POLPIL-G/S-23-POLPIL-G_unmatched_2.fastq,S-23-POLPIL-G,789c68e1,1165250000,31,DNA,1000,1165250,True,0.795714500978324,0.9622484509053391,0.8789814759418315,0.9622484509053391,False,1494,57207,2338829
923000,0.0007921046985625402,0.2360010227563283,0.0007921046985625402,0.0006280920922393214,1.591549295774648,1.0,0.9431362841004624,/nfs3_ib/nfs-ip34/home/def-ilafores/analysis/NovelTaxa/Boreal_mosses/tmp/sourmash/sketches/nMAGs_index.sbt.zip,Green_T.bin.8,2cd0404222cc250effcf5df9d0ae4701,0.2360010227563283,923000,17,25988000,/nfs3_ib/nfs-ip34/home/def-ilafores/analysis/boreal_moss/preproc/S-23-POLPIL-G/S-23-POLPIL-G_unmatched_2.fastq,S-23-POLPIL-G,789c68e1,1165250000,31,DNA,1000,1165250,True,0.7942564104195593,0.9544900723295731,0.8743732413745662,0.9544900723295731,False,1469,58676,2338829
910000,0.000780948294357434,0.1596327035140385,0.0007757991847243081,0.0006520356982062391,1.6869469026548674,1.0,1.8483447430650133,/nfs3_ib/nfs-ip34/home/def-ilafores/ref_dbs/sourmash_db/gtdb-rs214-reps.k31.zip,"GCF_008039875.1 Methylobacterium sp. WL119 strain=WL119 ASM803987v1",e5bf01c613c616b5ef30b491d1b9f44e,0.16069221260815822,904000,18,25084000,/nfs3_ib/nfs-ip34/home/def-ilafores/analysis/boreal_moss/preproc/S-23-POLPIL-G/S-23-POLPIL-G_unmatched_2.fastq,S-23-POLPIL-G,789c68e1,1165250000,31,DNA,1000,1165250,True,0.7938930665445535,0.942729136916405,0.8683111017304792,0.942729136916405,False,1525,60201,2338829
910000,0.000780948294357434,0.23555555555555555,0.0007732246299077451,0.0006092792589796005,1.58157602663707,1.0,1.221911568976966,/nfs3_ib/nfs-ip34/home/def-ilafores/analysis/NovelTaxa/Boreal_mosses/tmp/sourmash/sketches/nMAGs_index.sbt.zip,Brown_Y.bin.6,1a92a681d6cbe3752f3d198acaa3edd6,0.23790849673202613,901000,19,24183000,/nfs3_ib/nfs-ip34/home/def-ilafores/analysis/boreal_moss/preproc/S-23-POLPIL-G/S-23-POLPIL-G_unmatched_2.fastq,S-23-POLPIL-G,789c68e1,1165250000,31,DNA,1000,1165250,True,0.7938930665445535,0.9547379638328043,0.8743155151886789,0.9547379638328043,False,1425,61626,2338829
891000,0.0007646427805192018,0.204644745918602,0.0007637845955803476,0.0006712760958582265,1.7640449438202248,1.0,1.1604190633018896,/nfs3_ib/nfs-ip34/home/def-ilafores/analysis/NovelTaxa/Boreal_mosses/tmp/sourmash/sketches/nMAGs_index.sbt.zip,Brown_AB.bin.1,5b6889b8c5e710c21e6aa5957fb9ea90,0.20487468383536445,890000,20,23293000,/nfs3_ib/nfs-ip34/home/def-ilafores/analysis/boreal_moss/preproc/S-23-POLPIL-G/S-23-POLPIL-G_unmatched_2.fastq,S-23-POLPIL-G,789c68e1,1165250000,31,DNA,1000,1165250,True,0.7933528865221883,0.950145126369211,0.8717490064456996,0.950145126369211,False,1570,63196,2338829
885000,0.0007594936708860759,0.1504530689006668,0.0007552027461918044,0.0005276144600567207,1.4022727272727273,1.0,0.7579843595063148,/nfs3_ib/nfs-ip34/home/def-ilafores/analysis/NovelTaxa/Boreal_mosses/tmp/sourmash/sketches/nMAGs_index.sbt.zip,Brown_Z.bin.2,00ce00a9b6824f3d4635fbeb618f8c05,0.15130791588305692,880000,21,22413000,/nfs3_ib/nfs-ip34/home/def-ilafores/analysis/boreal_moss/preproc/S-23-POLPIL-G/S-23-POLPIL-G_unmatched_2.fastq,S-23-POLPIL-G,789c68e1,1165250000,31,DNA,1000,1165250,True,0.7931799855956614,0.9409009871447461,0.8670404863702037,0.9409009871447461,False,1234,64430,2338829
881000,0.0007560609311306587,0.18698659749243407,0.0007423299721089895,0.0005605369182612324,1.515606936416185,1.0,0.9605148585409273,/nfs3_ib/nfs-ip34/home/def-ilafores/analysis/NovelTaxa/Boreal_mosses/tmp/sourmash/sketches/nMAGs_index.sbt.zip,Brown_AE.bin.2,937ba881173afd94cfc9f0b9c4ab535e,0.1904453091223519,865000,22,21548000,/nfs3_ib/nfs-ip34/home/def-ilafores/analysis/boreal_moss/preproc/S-23-POLPIL-G/S-23-POLPIL-G_unmatched_2.fastq,S-23-POLPIL-G,789c68e1,1165250000,31,DNA,1000,1165250,True,0.7930640869523016,0.9479092979160432,0.8704866924341723,0.9479092979160432,False,1311,65741,2338829
858000,0.0007363226775370092,0.3306327160493827,0.0007354644925981549,0.0005652401265761627,1.5425904317386232,1.0,0.8510378379849378,/nfs3_ib/nfs-ip34/home/def-ilafores/analysis/NovelTaxa/Boreal_mosses/tmp/sourmash/sketches/nMAGs_index.sbt.zip,Brown_Q.bin.7,a79e826b8460d8edc68ffb98f4a6134e,0.33101851851851855,857000,23,20691000,/nfs3_ib/nfs-ip34/home/def-ilafores/analysis/boreal_moss/preproc/S-23-POLPIL-G/S-23-POLPIL-G_unmatched_2.fastq,S-23-POLPIL-G,789c68e1,1165250000,31,DNA,1000,1165250,True,0.7923876226589548,0.9649645617713735,0.8786760922151642,0.9649645617713735,False,1322,67063,2338829
827000,0.0007097189444325252,0.1749629315822919,0.0007088607594936709,0.000524621509310856,1.4854721549636805,1.0,0.8323990721561076,/nfs3_ib/nfs-ip34/home/def-ilafores/analysis/NovelTaxa/Boreal_mosses/tmp/sourmash/sketches/nMAGs_index.sbt.zip,Brown_AE.bin.7,ffd83c6b6982a33b7101d92c9d97aff9,0.17517475111205252,826000,24,19865000,/nfs3_ib/nfs-ip34/home/def-ilafores/analysis/boreal_moss/preproc/S-23-POLPIL-G/S-23-POLPIL-G_unmatched_2.fastq,S-23-POLPIL-G,789c68e1,1165250000,31,DNA,1000,1165250,True,0.7914475551675144,0.9453570235134172,0.8684022893404658,0.9453570235134172,False,1227,68290,2338829
875000,0.0007509118214975327,0.135206177098735,0.0007062862046771079,0.0006823927700571526,1.9392466585662211,2.0,1.298172532201973,/nfs3_ib/nfs-ip34/home/def-ilafores/ref_dbs/sourmash_db/gtdb-rs214-reps.k31.zip,"GCF_022829585.1 Methylobacterium sp. J-026 strain=J-026 ASM2282958v1",a2812e6a63e8d582bea34bde88b2b2b3,0.14374897322161984,823000,25,19042000,/nfs3_ib/nfs-ip34/home/def-ilafores/analysis/boreal_moss/preproc/S-23-POLPIL-G/S-23-POLPIL-G_unmatched_2.fastq,S-23-POLPIL-G,789c68e1,1165250000,31,DNA,1000,1165250,True,0.792889280625626,0.9393467988884453,0.8661180397570356,0.9393467988884453,False,1596,69886,2338829
769000,0.0006599442179789745,0.20279904937945603,0.0006590860330401201,0.0005083740624047333,1.5481770833333333,1.0,0.9411162531668584,/nfs3_ib/nfs-ip34/home/def-ilafores/analysis/NovelTaxa/Boreal_mosses/tmp/sourmash/sketches/nMAGs_index.sbt.zip,Brown_J.bin.1,d6c632e52c88e1bec0a899f6ce6d5d3e,0.20306311064166888,768000,26,18274000,/nfs3_ib/nfs-ip34/home/def-ilafores/analysis/boreal_moss/preproc/S-23-POLPIL-G/S-23-POLPIL-G_unmatched_2.fastq,S-23-POLPIL-G,789c68e1,1165250000,31,DNA,1000,1165250,True,0.7895933080924405,0.9498729434726513,0.8697331257825459,0.9498729434726513,False,1189,71075,2338829
716000,0.0006144604162196954,0.18709171674941208,0.0006144604162196954,0.00044723235431064006,1.4608938547486034,1.0,0.8586603082977777,/nfs3_ib/nfs-ip34/home/def-ilafores/analysis/NovelTaxa/Boreal_mosses/tmp/sourmash/sketches/nMAGs_index.sbt.zip,Brown_Y.bin.3,ac4f13b84bf3beef3e5f6ba69c23f982,0.18709171674941208,716000,27,17558000,/nfs3_ib/nfs-ip34/home/def-ilafores/analysis/boreal_moss/preproc/S-23-POLPIL-G/S-23-POLPIL-G_unmatched_2.fastq,S-23-POLPIL-G,789c68e1,1165250000,31,DNA,1000,1165250,True,0.7877765146224424,0.9473662066858526,0.8675713606541475,0.9473662066858526,False,1046,72121,2338829
667000,0.0005724093542158335,0.1369519832985386,0.0005629693198884359,0.00040490347947626785,1.4435975609756098,1.0,1.1422546100324533,/nfs3_ib/nfs-ip34/home/def-ilafores/ref_dbs/sourmash_db/gtdb-rs214-reps.k31.zip,"GCF_005844085.1 Acetobacteraceae bacterium KEBCLARHB70R strain=KEBCLARHB70R ASM584408v1",498150ab681f0d11140df321d485e8fa,0.13924843423799582,656000,28,16902000,/nfs3_ib/nfs-ip34/home/def-ilafores/analysis/boreal_moss/preproc/S-23-POLPIL-G/S-23-POLPIL-G_unmatched_2.fastq,S-23-POLPIL-G,789c68e1,1165250000,31,DNA,1000,1165250,True,0.785977102754478,0.9383834354621668,0.8621802691083225,0.9383834354621668,False,947,73068,2338829
601000,0.0005157691482514481,0.18096392846317066,0.0005123364084960309,0.00044723235431064006,1.7520938023450587,1.0,1.3320617152788654,/nfs3_ib/nfs-ip34/home/def-ilafores/analysis/NovelTaxa/Boreal_mosses/tmp/sourmash/sketches/nMAGs_index.sbt.zip,Brown_AD.bin.5,eb059f7ed4fe38fdbf83571e1c37ad5b,0.18217641709608973,597000,29,16305000,/nfs3_ib/nfs-ip34/home/def-ilafores/analysis/boreal_moss/preproc/S-23-POLPIL-G/S-23-POLPIL-G_unmatched_2.fastq,S-23-POLPIL-G,789c68e1,1165250000,31,DNA,1000,1165250,True,0.7833397641770184,0.9465529389696233,0.8649463515733209,0.9465529389696233,False,1046,74114,2338829
575000,0.0004934563398412357,0.07022058823529412,0.0004917399699635272,0.0003493201084816376,1.425828970331588,1.0,0.8418563084323131,/nfs3_ib/nfs-ip34/home/def-ilafores/ref_dbs/sourmash_db/gtdb-rs214-reps.k31.zip,"GCF_001557535.2 Burkholderia sp. PAMC 26561 strain=PAMC 26561 ASM155753v2",fd0c18741012ebc26c58ba341945dc59,0.0704656862745098,573000,30,15732000,/nfs3_ib/nfs-ip34/home/def-ilafores/analysis/boreal_moss/preproc/S-23-POLPIL-G/S-23-POLPIL-G_unmatched_2.fastq,S-23-POLPIL-G,789c68e1,1165250000,31,DNA,1000,1165250,True,0.7822230410003047,0.9179900836413697,0.8501065623208373,0.9179900836413697,False,817,74931,2338829
580000,0.0004977472645355074,0.17562173779551735,0.0004908817850246728,0.00037069832809495694,1.5157342657342658,1.0,0.9413373833251497,/nfs3_ib/nfs-ip34/home/def-ilafores/analysis/NovelTaxa/Boreal_mosses/tmp/sourmash/sketches/nMAGs_index.sbt.zip,Brown_O.bin.1,c9a8ee74dfbba8ee7d2f6e10354fce78,0.17807798587657353,572000,31,15160000,/nfs3_ib/nfs-ip34/home/def-ilafores/analysis/boreal_moss/preproc/S-23-POLPIL-G/S-23-POLPIL-G_unmatched_2.fastq,S-23-POLPIL-G,789c68e1,1165250000,31,DNA,1000,1165250,True,0.7824415404201402,0.9458584250971945,0.8641499827586674,0.9458584250971945,False,867,75798,2338829
577000,0.0004951727097189444,0.11293375394321767,0.0004608453121647715,0.00031340469953126113,1.3649906890130354,1.0,0.7379848561847311,/nfs3_ib/nfs-ip34/home/def-ilafores/analysis/NovelTaxa/Boreal_mosses/tmp/sourmash/sketches/nMAGs_index.sbt.zip,Green_P.bin.7,04272033b1b078c59177a27d175e110a,0.12134595162986331,537000,32,14623000,/nfs3_ib/nfs-ip34/home/def-ilafores/analysis/boreal_moss/preproc/S-23-POLPIL-G/S-23-POLPIL-G_unmatched_2.fastq,S-23-POLPIL-G,789c68e1,1165250000,31,DNA,1000,1165250,True,0.7823106605831803,0.9342270304092839,0.8582688454962322,0.9342270304092839,False,733,76531,2338829
470000,0.00040334692126153186,0.07831628374979037,0.0004007723664449689,0.00028775083599527797,1.4411134903640257,1.0,0.7703424264113714,/nfs3_ib/nfs-ip34/home/def-ilafores/ref_dbs/sourmash_db/gtdb-rs214-reps.k31.zip,"GCF_019355555.1 Rhizobium sp. L51/94 strain=L51/94 ASM1935555v1",99e1bb0c59972a920365013876c3f114,0.07881938621499246,467000,33,14156000,/nfs3_ib/nfs-ip34/home/def-ilafores/analysis/boreal_moss/preproc/S-23-POLPIL-G/S-23-POLPIL-G_unmatched_2.fastq,S-23-POLPIL-G,789c68e1,1165250000,31,DNA,1000,1165250,True,0.7771516367578212,0.9213136755953467,0.8492326561765839,0.9213136755953467,False,673,77204,2338829
479000,0.00041107058571122077,0.08835265057951738,0.00039905599656726024,0.0003061361048627326,1.5397849462365591,1.0,1.0691308684940926,/nfs3_ib/nfs-ip34/home/def-ilafores/analysis/NovelTaxa/Boreal_mosses/tmp/sourmash/sketches/nMAGs_index.sbt.zip,Brown_X.bin.1,b6bb95ba86ac49bbc7d2284922c9dd1c,0.09101273038191146,465000,34,13691000,/nfs3_ib/nfs-ip34/home/def-ilafores/analysis/boreal_moss/preproc/S-23-POLPIL-G/S-23-POLPIL-G_unmatched_2.fastq,S-23-POLPIL-G,789c68e1,1165250000,31,DNA,1000,1165250,True,0.7776272963483645,0.9255985163014105,0.8516129063248875,0.9255985163014105,False,716,77920,2338829
448000,0.00038446685260673676,0.09838637382339759,0.00037674318815704785,0.0002595315861056965,1.3826879271070616,1.0,0.7541962008948483,/nfs3_ib/nfs-ip34/home/def-ilafores/analysis/NovelTaxa/Boreal_mosses/tmp/sourmash/sketches/nMAGs_index.sbt.zip,Green_AP.bin.11,ee2b5ae70781488c523ffa6e79dbc6d2,0.1004034065441506,439000,35,13252000,/nfs3_ib/nfs-ip34/home/def-ilafores/analysis/boreal_moss/preproc/S-23-POLPIL-G/S-23-POLPIL-G_unmatched_2.fastq,S-23-POLPIL-G,789c68e1,1165250000,31,DNA,1000,1165250,True,0.7759507516200663,0.9285351249595526,0.8522429382898095,0.9285351249595526,False,607,78527,2338829
519000,0.0004453979832653937,0.10707171314741036,0.00036901952370735894,0.00029544699505607296,1.6069767441860465,1.0,0.9913334568726009,/nfs3_ib/nfs-ip34/home/def-ilafores/analysis/NovelTaxa/Boreal_mosses/tmp/sourmash/sketches/nMAGs_index.sbt.zip,Brown_Q.bin.2,f3ebf10d602c7cbaa4ee274a6b870ef7,0.12923306772908366,430000,36,12822000,/nfs3_ib/nfs-ip34/home/def-ilafores/analysis/boreal_moss/preproc/S-23-POLPIL-G/S-23-POLPIL-G_unmatched_2.fastq,S-23-POLPIL-G,789c68e1,1165250000,31,DNA,1000,1165250,True,0.7796417806566244,0.936126703706324,0.8578842421814742,0.936126703706324,False,691,79218,2338829
422000,0.00036215404419652437,0.14132618888144674,0.00036215404419652437,0.00024242901041504104,1.3436018957345972,1.0,0.6904523641102338,/nfs3_ib/nfs-ip34/home/def-ilafores/analysis/NovelTaxa/Boreal_mosses/tmp/sourmash/sketches/nMAGs_index.sbt.zip,Brown_Y.bin.1,fbfc8013f229ec93884820fed77255ff,0.14132618888144674,422000,37,12400000,/nfs3_ib/nfs-ip34/home/def-ilafores/analysis/boreal_moss/preproc/S-23-POLPIL-G/S-23-POLPIL-G_unmatched_2.fastq,S-23-POLPIL-G,789c68e1,1165250000,31,DNA,1000,1165250,True,0.7744556622105286,0.9388318773770922,0.8566437697938104,0.9388318773770922,False,567,79785,2338829
430000,0.00036901952370735894,0.0911731843575419,0.00035013945505256384,0.00025653863535983175,1.4705882352941178,1.0,0.8683529863374684,/nfs3_ib/nfs-ip34/home/def-ilafores/analysis/NovelTaxa/Boreal_mosses/tmp/sourmash/sketches/nMAGs_index.sbt.zip,Green_P.bin.4,6e210e58820aaf43bab9f7584a6ab310,0.09608938547486033,408000,38,11992000,/nfs3_ib/nfs-ip34/home/def-ilafores/analysis/boreal_moss/preproc/S-23-POLPIL-G/S-23-POLPIL-G_unmatched_2.fastq,S-23-POLPIL-G,789c68e1,1165250000,31,DNA,1000,1165250,True,0.7749249719556089,0.9272206131901812,0.8510727925728951,0.9272206131901812,False,600,80385,2338829
402000,0.0003449903454194379,0.14116804012898604,0.0003381248659086033,0.00023216746500064777,1.3781725888324874,1.0,0.7684321903244296,/nfs3_ib/nfs-ip34/home/def-ilafores/analysis/NovelTaxa/Boreal_mosses/tmp/sourmash/sketches/nMAGs_index.sbt.zip,Green_K.bin.1,847190496e602eaaf66efbad85da0819,0.14403439627373701,394000,39,11598000,/nfs3_ib/nfs-ip34/home/def-ilafores/analysis/boreal_moss/preproc/S-23-POLPIL-G/S-23-POLPIL-G_unmatched_2.fastq,S-23-POLPIL-G,789c68e1,1165250000,31,DNA,1000,1165250,True,0.7732436335424185,0.9394069068017443,0.8563252701720814,0.9394069068017443,False,543,80928,2338829
439000,0.00037674318815704785,0.10871995528228061,0.0003338339412143317,0.00027064826030462254,1.6272493573264781,1.0,1.2029859559922123,/nfs3_ib/nfs-ip34/home/def-ilafores/analysis/NovelTaxa/Boreal_mosses/tmp/sourmash/sketches/nMAGs_index.sbt.zip,Brown_Q.bin.3,401c13f1de604bddcf7fa6832e4f037c,0.12269424259362773,389000,40,11209000,/nfs3_ib/nfs-ip34/home/def-ilafores/analysis/boreal_moss/preproc/S-23-POLPIL-G/S-23-POLPIL-G_unmatched_2.fastq,S-23-POLPIL-G,789c68e1,1165250000,31,DNA,1000,1165250,True,0.7754429499687663,0.9345600922019088,0.8550015210853376,0.9345600922019088,False,633,81561,2338829
539000,0.00046256168204248017,0.058273270970710014,0.0003261102767646428,0.0002372982377078444,1.4605263157894737,1.0,0.8590200885109579,/nfs3_ib/nfs-ip34/home/def-ilafores/ref_dbs/sourmash_db/gtdb-rs214-reps.k31.zip,"GCF_022829365.1 Methylobacterium sp. J-077 strain=J-077 ASM2282936v1",9427e56a12226d50b9c8d4cf56b920c1,0.08265603435055972,380000,41,10829000,/nfs3_ib/nfs-ip34/home/def-ilafores/analysis/boreal_moss/preproc/S-23-POLPIL-G/S-23-POLPIL-G_unmatched_2.fastq,S-23-POLPIL-G,789c68e1,1165250000,31,DNA,1000,1165250,True,0.7805933147682357,0.9227273066640989,0.8516603107161673,0.9227273066640989,False,555,82116,2338829
372000,0.0003192447972538082,0.18509254627313657,0.00031752842737609954,0.00022276104837078725,1.4081081081081082,1.0,0.827525905001029,/nfs3_ib/nfs-ip34/home/def-ilafores/analysis/NovelTaxa/Boreal_mosses/tmp/sourmash/sketches/nMAGs_index.sbt.zip,Green_AK.bin.3,76720736aaec4cbc4ecdd6e2f85b2055,0.18609304652326164,370000,42,10459000,/nfs3_ib/nfs-ip34/home/def-ilafores/analysis/boreal_moss/preproc/S-23-POLPIL-G/S-23-POLPIL-G_unmatched_2.fastq,S-23-POLPIL-G,789c68e1,1165250000,31,DNA,1000,1165250,True,0.771311489901479,0.9472026576696192,0.8592570737855492,0.9472026576696192,False,521,82637,2338829
340000,0.00029178287921046987,0.11704462326261887,0.0002746191804333834,0.0001877007682049436,1.371875,1.0,0.6908936129209764,/nfs3_ib/nfs-ip34/home/def-ilafores/analysis/NovelTaxa/Boreal_mosses/tmp/sourmash/sketches/nMAGs_index.sbt.zip,Brown_Z.bin.7,1ac73242382333c15b96065106f59e80,0.12435991221653256,320000,43,10139000,/nfs3_ib/nfs-ip34/home/def-ilafores/analysis/boreal_moss/preproc/S-23-POLPIL-G/S-23-POLPIL-G_unmatched_2.fastq,S-23-POLPIL-G,789c68e1,1165250000,31,DNA,1000,1165250,True,0.769076730111829,0.9349666977275924,0.8520217139197107,0.9349666977275924,False,439,83076,2338829
285000,0.0002445827075734821,0.060689948892674615,0.0002445827075734821,0.0001744462720446856,1.431578947368421,1.0,0.7106107812043133,/nfs3_ib/nfs-ip34/home/def-ilafores/analysis/NovelTaxa/Boreal_mosses/tmp/sourmash/sketches/nMAGs_index.sbt.zip,Brown_J.bin.7,435735e6e4e1647c591f3cb189b44749,0.060689948892674615,285000,44,9854000,/nfs3_ib/nfs-ip34/home/def-ilafores/analysis/boreal_moss/preproc/S-23-POLPIL-G/S-23-POLPIL-G_unmatched_2.fastq,S-23-POLPIL-G,789c68e1,1165250000,31,DNA,1000,1165250,True,0.7647114709048485,0.9135781463968801,0.8391448086508643,0.9135781463968801,False,408,83484,2338829
281000,0.0002411499678180648,0.08744888329663417,0.00023857541300150182,0.00017273601447562005,1.4532374100719425,1.0,0.8242984510735254,/nfs3_ib/nfs-ip34/home/def-ilafores/analysis/NovelTaxa/Boreal_mosses/tmp/sourmash/sketches/nMAGs_index.sbt.zip,Green_AP.bin.5,a2b39be385902b5925c7b300756999c3,0.08839257628184964,278000,45,9576000,/nfs3_ib/nfs-ip34/home/def-ilafores/analysis/boreal_moss/preproc/S-23-POLPIL-G/S-23-POLPIL-G_unmatched_2.fastq,S-23-POLPIL-G,789c68e1,1165250000,31,DNA,1000,1165250,True,0.7643628786832338,0.9247267325320757,0.8445448056076548,0.9247267325320757,False,404,83888,2338829
283000,0.00024286633769577345,0.04735945485519591,0.00023857541300150182,0.00021420976052545954,1.8021582733812949,1.0,1.2351545865386158,/nfs3_ib/nfs-ip34/home/def-ilafores/ref_dbs/sourmash_db/gtdb-rs214-reps.k31.zip,"GCF_010729665.1 Mycolicibacterium madagascariense strain=JCM 13574 ASM1072966v1",55d8fcdb32ddbe2b0c924561b5479a7c,0.048211243611584326,278000,46,9298000,/nfs3_ib/nfs-ip34/home/def-ilafores/analysis/boreal_moss/preproc/S-23-POLPIL-G/S-23-POLPIL-G_unmatched_2.fastq,S-23-POLPIL-G,789c68e1,1165250000,31,DNA,1000,1165250,True,0.7645377708190645,0.9068196325972909,0.8356787017081777,0.9068196325972909,False,501,84389,2338829
467000,0.0004007723664449689,0.04002900652646846,0.00023685904312379318,0.00017487383643695199,1.4818840579710144,1.0,0.8531897105624396,/nfs3_ib/nfs-ip34/home/def-ilafores/ref_dbs/sourmash_db/gtdb-rs214-reps.k31.zip,"GCF_022829385.1 Methylobacterium sp. J-070 strain=J-070 ASM2282938v1",48fe550b161c1b6a0798cff176c79725,0.06773023930384336,276000,47,9022000,/nfs3_ib/nfs-ip34/home/def-ilafores/analysis/boreal_moss/preproc/S-23-POLPIL-G/S-23-POLPIL-G_unmatched_2.fastq,S-23-POLPIL-G,789c68e1,1165250000,31,DNA,1000,1165250,True,0.7769911229631403,0.9168183773252305,0.8469047501441854,0.9168183773252305,False,409,84798,2338829
260000,0.000223128084102124,0.04739074313110824,0.00022055352928556103,0.00015392318121589907,1.4007782101167314,1.0,0.778404644947712,/nfs3_ib/nfs-ip34/home/def-ilafores/analysis/NovelTaxa/Boreal_mosses/tmp/sourmash/sketches/nMAGs_index.sbt.zip,Brown_J.bin.3,75143a1be719bc8a6625e92e5d7ab377,0.04794394246726904,257000,48,8765000,/nfs3_ib/nfs-ip34/home/def-ilafores/analysis/boreal_moss/preproc/S-23-POLPIL-G/S-23-POLPIL-G_unmatched_2.fastq,S-23-POLPIL-G,789c68e1,1165250000,31,DNA,1000,1165250,True,0.7624501022134422,0.9066570105233226,0.8345535563683824,0.9066570105233226,False,360,85158,2338829
728000,0.0006247586354859472,0.03146896127842655,0.00021969534434670672,0.00021463732491772592,1.9609375,2.0,1.310428983613286,/nfs3_ib/nfs-ip34/home/def-ilafores/ref_dbs/sourmash_db/gtdb-rs214-reps.k31.zip,"GCF_020829625.1 Nostoc sp. XA010 strain=XA010 ASM2082962v1",5fecf54fd95f6a535be00ea420845bb9,0.08948985863552551,256000,49,8509000,/nfs3_ib/nfs-ip34/home/def-ilafores/analysis/boreal_moss/preproc/S-23-POLPIL-G/S-23-POLPIL-G_unmatched_2.fastq,S-23-POLPIL-G,789c68e1,1165250000,31,DNA,1000,1165250,True,0.7881990001262175,0.9250948267327439,0.8566469134294807,0.9250948267327439,False,502,85660,2338829
254000,0.00021797897446899808,0.05116184264166327,0.0002154044196524351,0.00014793727972416967,1.3784860557768925,1.0,0.6407286212900278,/nfs3_ib/nfs-ip34/home/def-ilafores/analysis/NovelTaxa/Boreal_mosses/tmp/sourmash/sketches/nMAGs_index.sbt.zip,Brown_M.bin.5,4af6e1dcd218e0b82e6f5c3e506e8d59,0.05177333876885446,251000,50,8258000,/nfs3_ib/nfs-ip34/home/def-ilafores/analysis/boreal_moss/preproc/S-23-POLPIL-G/S-23-POLPIL-G_unmatched_2.fastq,S-23-POLPIL-G,789c68e1,1165250000,31,DNA,1000,1165250,True,0.7618760861378399,0.9089072213793306,0.8353916537585853,0.9089072213793306,False,346,86006,2338829
257000,0.00022055352928556103,0.08066115702479339,0.00020939712508045484,0.0001500751016855016,1.4385245901639345,1.0,0.7301410958760828,/nfs3_ib/nfs-ip34/home/def-ilafores/analysis/NovelTaxa/Boreal_mosses/tmp/sourmash/sketches/nMAGs_index.sbt.zip,Green_R.bin.1,ff23e4eb1bcb3dd059944fe8568c4654,0.08495867768595042,244000,51,8014000,/nfs3_ib/nfs-ip34/home/def-ilafores/analysis/boreal_moss/preproc/S-23-POLPIL-G/S-23-POLPIL-G_unmatched_2.fastq,S-23-POLPIL-G,789c68e1,1165250000,31,DNA,1000,1165250,True,0.7621647153203143,0.9235455378369877,0.842855126578651,0.9235455378369877,False,351,86357,2338829
244000,0.00020939712508045484,0.07766027759418374,0.00020167346063076593,0.0001462270221551041,1.4553191489361703,1.0,0.9593456348366457,/nfs3_ib/nfs-ip34/home/def-ilafores/analysis/NovelTaxa/Boreal_mosses/tmp/sourmash/sketches/nMAGs_index.sbt.zip,Brown_J.bin.9,2327c2a7caf4bfd332f9867a9a7d0116,0.0806345009914078,235000,52,7779000,/nfs3_ib/nfs-ip34/home/def-ilafores/analysis/boreal_moss/preproc/S-23-POLPIL-G/S-23-POLPIL-G_unmatched_2.fastq,S-23-POLPIL-G,789c68e1,1165250000,31,DNA,1000,1165250,True,0.7608895787075913,0.9219905733160637,0.8414400760118275,0.9219905733160637,False,342,86699,2338829
238000,0.0002042480154473289,0.0768975803778588,0.00019909890581420295,0.00013981355627110833,1.4094827586206897,1.0,0.8512139858477038,/nfs3_ib/nfs-ip34/home/def-ilafores/analysis/NovelTaxa/Boreal_mosses/tmp/sourmash/sketches/nMAGs_index.sbt.zip,Green_AP.bin.10,596f30122172a2e01aafda5d0f3b55d6,0.07888631090487239,232000,53,7547000,/nfs3_ib/nfs-ip34/home/def-ilafores/analysis/boreal_moss/preproc/S-23-POLPIL-G/S-23-POLPIL-G_unmatched_2.fastq,S-23-POLPIL-G,789c68e1,1165250000,31,DNA,1000,1165250,True,0.7602787179953872,0.9213388999913362,0.8408088089933616,0.9213388999913362,False,327,87026,2338829
248000,0.00021282986483587212,0.07315501127940703,0.00019480798111993136,0.00013853086309430915,1.4273127753303965,1.0,0.8436094592835823,/nfs3_ib/nfs-ip34/home/def-ilafores/analysis/NovelTaxa/Boreal_mosses/tmp/sourmash/sketches/nMAGs_index.sbt.zip,Green_AP.bin.4,2e9ba3e895e51edd6c30674070c88ec7,0.07992265549468257,227000,54,7320000,/nfs3_ib/nfs-ip34/home/def-ilafores/analysis/boreal_moss/preproc/S-23-POLPIL-G/S-23-POLPIL-G_unmatched_2.fastq,S-23-POLPIL-G,789c68e1,1165250000,31,DNA,1000,1165250,True,0.7612887950406463,0.921726884572609,0.8415078398066276,0.921726884572609,False,324,87350,2338829
247000,0.00021197167989701782,0.03565203612739661,0.0001930916112422227,0.00016589498419935787,1.7244444444444444,1.0,1.3481107035906963,/nfs3_ib/nfs-ip34/home/def-ilafores/ref_dbs/sourmash_db/gtdb-rs214-reps.k31.zip,"GCA_023231945.1 Comamonadaceae bacterium BS-T2-15 strain=BS-T2-15 ASM2323194v1",be84853b0c595a0b38db8da38d8600ce,0.0391380129931865,225000,55,7095000,/nfs3_ib/nfs-ip34/home/def-ilafores/analysis/boreal_moss/preproc/S-23-POLPIL-G/S-23-POLPIL-G_unmatched_2.fastq,S-23-POLPIL-G,789c68e1,1165250000,31,DNA,1000,1165250,True,0.761189578328857,0.9007410601010707,0.8309653192149639,0.9007410601010707,False,388,87738,2338829
216000,0.00018536794679253378,0.06323185011709602,0.00018536794679253378,0.0001218558517959201,1.3194444444444444,1.0,0.6630399034600005,/nfs3_ib/nfs-ip34/home/def-ilafores/analysis/NovelTaxa/Boreal_mosses/tmp/sourmash/sketches/nMAGs_index.sbt.zip,Brown_AE.bin.3,aff620c9f5b88bca921521fc90fc641e,0.06323185011709602,216000,56,6879000,/nfs3_ib/nfs-ip34/home/def-ilafores/analysis/boreal_moss/preproc/S-23-POLPIL-G/S-23-POLPIL-G_unmatched_2.fastq,S-23-POLPIL-G,789c68e1,1165250000,31,DNA,1000,1165250,True,0.7579036884524948,0.9147881128300522,0.8363459006412735,0.9147881128300522,False,285,88023,2338829
195000,0.00016734606307659301,0.053366174055829226,0.00016734606307659301,0.00010988404881246128,1.317948717948718,1.0,0.6336187460286108,/nfs3_ib/nfs-ip34/home/def-ilafores/analysis/NovelTaxa/Boreal_mosses/tmp/sourmash/sketches/nMAGs_index.sbt.zip,Brown_J.bin.5,7e9ff11c18fe7f8756a08dce79c90635,0.053366174055829226,195000,57,6684000,/nfs3_ib/nfs-ip34/home/def-ilafores/analysis/boreal_moss/preproc/S-23-POLPIL-G/S-23-POLPIL-G_unmatched_2.fastq,S-23-POLPIL-G,789c68e1,1165250000,31,DNA,1000,1165250,True,0.7554072439344055,0.9097960914154134,0.8326016676749095,0.9097960914154134,False,257,88280,2338829
224000,0.00019223342630336838,0.044601511089446745,0.00015704784381034113,0.00012741418889538312,1.6284153005464481,1.0,1.344351145493187,/nfs3_ib/nfs-ip34/home/def-ilafores/analysis/NovelTaxa/Boreal_mosses/tmp/sourmash/sketches/nMAGs_index.sbt.zip,Green_X.bin.1,458bc8c4e20308d163375d04ab665fd1,0.05459419936631733,183000,58,6501000,/nfs3_ib/nfs-ip34/home/def-ilafores/analysis/boreal_moss/preproc/S-23-POLPIL-G/S-23-POLPIL-G_unmatched_2.fastq,S-23-POLPIL-G,789c68e1,1165250000,31,DNA,1000,1165250,True,0.7587933447701255,0.910464025201005,0.8346286849855653,0.910464025201005,False,298,88578,2338829
175000,0.00015018236429950656,0.05584415584415584,0.00014760780948294358,0.00010005006779033439,1.3604651162790697,1.0,0.7378912552653538,/nfs3_ib/nfs-ip34/home/def-ilafores/analysis/NovelTaxa/Boreal_mosses/tmp/sourmash/sketches/nMAGs_index.sbt.zip,Brown_P.bin.1,c9a5b57020ff9f12a6a636810a0a30dc,0.056818181818181816,172000,59,6329000,/nfs3_ib/nfs-ip34/home/def-ilafores/analysis/boreal_moss/preproc/S-23-POLPIL-G/S-23-POLPIL-G_unmatched_2.fastq,S-23-POLPIL-G,789c68e1,1165250000,31,DNA,1000,1165250,True,0.7527748950662706,0.9116374801130416,0.832206187589656,0.9116374801130416,False,234,88812,2338829
239000,0.00020510620038618322,0.02570996471181314,0.00013130229564471143,9.577442386767053e-05,1.4640522875816993,1.0,0.8005402080576521,/nfs3_ib/nfs-ip34/home/def-ilafores/ref_dbs/sourmash_db/gtdb-rs214-reps.k31.zip,"GCA_013289985.1 Betaproteobacteria bacterium ASM1328998v1",59088e25aed45564f8106db293acfd83,0.04016131742564275,153000,60,6176000,/nfs3_ib/nfs-ip34/home/def-ilafores/analysis/boreal_moss/preproc/S-23-POLPIL-G/S-23-POLPIL-G_unmatched_2.fastq,S-23-POLPIL-G,789c68e1,1165250000,31,DNA,1000,1165250,True,0.7603815557920507,0.9014913144321547,0.8309364351121027,0.9014913144321547,False,224,89036,2338829
159000,0.00013645140527783738,0.020515589148333107,0.00013044411070585712,9.491929508313775e-05,1.4605263157894737,1.0,1.6378804457501277,/nfs3_ib/nfs-ip34/home/def-ilafores/ref_dbs/sourmash_db/gtdb-rs214-reps.k31.zip,"GCF_003330725.1 Acidisarcina polymorpha strain=SBC82 ASM333072v1",50eb584445706a041942988680bc0cd3,0.021460386017006342,152000,61,6024000,/nfs3_ib/nfs-ip34/home/def-ilafores/analysis/boreal_moss/preproc/S-23-POLPIL-G/S-23-POLPIL-G_unmatched_2.fastq,S-23-POLPIL-G,789c68e1,1165250000,31,DNA,1000,1165250,True,0.7504501891076008,0.8834497573450274,0.8169499732263141,0.8834497573450274,False,222,89258,2338829
158000,0.00013559322033898305,0.03885804916732752,0.0001261531860115855,8.337505649194532e-05,1.3265306122448979,1.0,0.6406126458227784,/nfs3_ib/nfs-ip34/home/def-ilafores/analysis/NovelTaxa/Boreal_mosses/tmp/sourmash/sketches/nMAGs_index.sbt.zip,Green_AO.bin.5,3e20ae658088e02e4e181ad4d4d1cbee,0.04176579434311393,147000,62,5877000,/nfs3_ib/nfs-ip34/home/def-ilafores/analysis/boreal_moss/preproc/S-23-POLPIL-G/S-23-POLPIL-G_unmatched_2.fastq,S-23-POLPIL-G,789c68e1,1165250000,31,DNA,1000,1165250,True,0.7502974718353975,0.9026312115060195,0.8264643416707085,0.9026312115060195,False,195,89453,2338829
145000,0.00012443681613387686,0.03993250843644545,0.00012186226131731388,8.807826480687557e-05,1.4507042253521127,1.0,0.8605391757966269,/nfs3_ib/nfs-ip34/home/def-ilafores/analysis/NovelTaxa/Boreal_mosses/tmp/sourmash/sketches/nMAGs_index.sbt.zip,Green_AA.bin.3,fbdc6dd467404ce1a295b1d8e78c4df8,0.04077615298087739,142000,63,5735000,/nfs3_ib/nfs-ip34/home/def-ilafores/analysis/boreal_moss/preproc/S-23-POLPIL-G/S-23-POLPIL-G_unmatched_2.fastq,S-23-POLPIL-G,789c68e1,1165250000,31,DNA,1000,1165250,True,0.7482222338728394,0.9019332449350661,0.8250777394039528,0.9019332449350661,False,206,89659,2338829
257000,0.00022055352928556103,0.03625610696837233,0.00012100407637845956,8.123723453061339e-05,1.3475177304964538,1.0,0.7243075989609524,/nfs3_ib/nfs-ip34/home/def-ilafores/analysis/NovelTaxa/Boreal_mosses/tmp/sourmash/sketches/nMAGs_index.sbt.zip,Green_AP.bin.3,32c3dc0c11bdf1ffdc35e12f4f0a8d73,0.06608382617639497,141000,64,5594000,/nfs3_ib/nfs-ip34/home/def-ilafores/analysis/boreal_moss/preproc/S-23-POLPIL-G/S-23-POLPIL-G_unmatched_2.fastq,S-23-POLPIL-G,789c68e1,1165250000,31,DNA,1000,1165250,True,0.7621647153203143,0.9160908685832239,0.839127791951769,0.9160908685832239,False,190,89849,2338829
151000,0.00012958592576700278,0.022599830076465592,0.00011413859686762497,9.192634433727305e-05,1.6165413533834587,1.0,1.4701122892577765,/nfs3_ib/nfs-ip34/home/def-ilafores/ref_dbs/sourmash_db/gtdb-rs214-reps.k31.zip,"GCF_004137685.1 Lichenibacterium minor strain=RmlP026 ASM413768v1",1cfdff9a5643f1bc741e8140111fd291,0.025658453695836872,133000,65,5461000,/nfs3_ib/nfs-ip34/home/def-ilafores/analysis/boreal_moss/preproc/S-23-POLPIL-G/S-23-POLPIL-G_unmatched_2.fastq,S-23-POLPIL-G,789c68e1,1165250000,31,DNA,1000,1165250,True,0.7492015028328621,0.888556103098018,0.8188788029654401,0.888556103098018,False,215,90064,2338829
646000,0.0005543874704998928,0.015786936611231622,0.00011242222698991633,0.00011031161320472766,1.9694656488549618,1.0,1.4772520977376815,/nfs3_ib/nfs-ip34/home/def-ilafores/ref_dbs/sourmash_db/gtdb-rs214-reps.k31.zip,"GCF_020829495.1 Nostoc sp. CHAB 5714 strain=CHAB 5714 ASM2082949v1",bcc1b6b62ebf14cd1a6b56ac21047358,0.07785008435767655,131000,66,5330000,/nfs3_ib/nfs-ip34/home/def-ilafores/analysis/boreal_moss/preproc/S-23-POLPIL-G/S-23-POLPIL-G_unmatched_2.fastq,S-23-POLPIL-G,789c68e1,1165250000,31,DNA,1000,1165250,True,0.785166429707513,0.9209459961464215,0.8530562129269672,0.9209459961464215,False,258,90322,2338829
349000,0.0002995065436601588,0.012814070351758794,8.753486376314096e-05,7.567889743115038e-05,1.7352941176470589,1.0,1.9246923389906556,/nfs3_ib/nfs-ip34/home/def-ilafores/ref_dbs/sourmash_db/gtdb-rs214-reps.k31.zip,"GCA_017115085.1 Nostoc sp. NMS7 ASM1711508v1",678a163446b4fcff04b3b72d55c7e111,0.04384422110552764,102000,67,5228000,/nfs3_ib/nfs-ip34/home/def-ilafores/analysis/boreal_moss/preproc/S-23-POLPIL-G/S-23-POLPIL-G_unmatched_2.fastq,S-23-POLPIL-G,789c68e1,1165250000,31,DNA,1000,1165250,True,0.7697251688979737,0.9040464002929033,0.8368857845954385,0.9040464002929033,False,177,90499,2338829
113000,9.697489809053851e-05,0.013513513513513514,8.496030894657798e-05,0.00011758020787325623,2.7777777777777777,1.0,5.347623951851444,/nfs3_ib/nfs-ip34/home/def-ilafores/ref_dbs/sourmash_db/gtdb-rs214-reps.k31.zip,"GCF_014203275.1 Granulicella aggregans strain=M8UP14 ASM1420327v1",779f272f13d6fda4647ee89872acf2a3,0.015424515424515424,99000,68,5129000,/nfs3_ib/nfs-ip34/home/def-ilafores/analysis/boreal_moss/preproc/S-23-POLPIL-G/S-23-POLPIL-G_unmatched_2.fastq,S-23-POLPIL-G,789c68e1,1165250000,31,DNA,1000,1165250,True,0.7422281094539519,0.8740881058537157,0.8081581076538338,0.8740881058537157,False,275,90774,2338829
102000,8.753486376314096e-05,0.03150969529085872,7.80948294357434e-05,6.199683687862602e-05,1.5934065934065933,1.0,1.138516694323465,/nfs3_ib/nfs-ip34/home/def-ilafores/analysis/NovelTaxa/Boreal_mosses/tmp/sourmash/sketches/nMAGs_index.sbt.zip,Brown_R.bin.8,5fe46b8f430ee0f416bb170f2a966b3d,0.035318559556786706,91000,69,5038000,/nfs3_ib/nfs-ip34/home/def-ilafores/analysis/boreal_moss/preproc/S-23-POLPIL-G/S-23-POLPIL-G_unmatched_2.fastq,S-23-POLPIL-G,789c68e1,1165250000,31,DNA,1000,1165250,True,0.7397800492029304,0.8977623466213047,0.8187711979121175,0.8977623466213047,False,145,90919,2338829
151000,0.00012958592576700278,0.015688348316587344,7.637845955803475e-05,5.772119295596215e-05,1.5168539325842696,1.0,0.8088326940591094,/nfs3_ib/nfs-ip34/home/def-ilafores/ref_dbs/sourmash_db/gtdb-rs214-reps.k31.zip,"GCF_004137085.1 Lichenibacterium ramalinae strain=RmlP001 ASM413708v1",e5caa7fff3b6534a1d79c51129b48eb6,0.026617310065221222,89000,70,4949000,/nfs3_ib/nfs-ip34/home/def-ilafores/analysis/boreal_moss/preproc/S-23-POLPIL-G/S-23-POLPIL-G_unmatched_2.fastq,S-23-POLPIL-G,789c68e1,1165250000,31,DNA,1000,1165250,True,0.7492015028328621,0.8896083364390139,0.8194049196359381,0.8896083364390139,False,135,91054,2338829
98000,8.410212400772366e-05,0.02946214457005824,7.380390474147179e-05,6.156927248635963e-05,1.6744186046511629,1.0,0.894971228134598,/nfs3_ib/nfs-ip34/home/def-ilafores/ref_dbs/sourmash_db/gtdb-rs214-reps.k31.zip,"GCF_903642285.1 Sphingomonas bacterium MAGs_Cladonia_metabat2_9",66cfd08091988b835a58977d895817b0,0.03357314148681055,86000,71,4863000,/nfs3_ib/nfs-ip34/home/def-ilafores/analysis/boreal_moss/preproc/S-23-POLPIL-G/S-23-POLPIL-G_unmatched_2.fastq,S-23-POLPIL-G,789c68e1,1165250000,31,DNA,1000,1165250,True,0.7388259827374402,0.896295785289265,0.8175608840133526,0.896295785289265,False,144,91198,2338829
378000,0.0003243939068869341,0.011681569079896164,6.951298004720017e-05,5.558337099463022e-05,1.6049382716049383,1.0,1.2734614279730991,/nfs3_ib/nfs-ip34/home/def-ilafores/analysis/NovelTaxa/Boreal_mosses/tmp/sourmash/sketches/nMAGs_index.sbt.zip,Brown_AA.bin.3,49810892ce7860502d6bbd63b0d4c4c1,0.05451398903951543,81000,72,4782000,/nfs3_ib/nfs-ip34/home/def-ilafores/analysis/boreal_moss/preproc/S-23-POLPIL-G/S-23-POLPIL-G_unmatched_2.fastq,S-23-POLPIL-G,789c68e1,1165250000,31,DNA,1000,1165250,True,0.7717096974039562,0.9104208440899794,0.8410652707469678,0.9104208440899794,False,130,91328,2338829
101000,8.667667882428664e-05,0.020163348647269014,6.779661016949152e-05,5.3445549033298284e-05,1.5822784810126582,1.0,0.9085751111355119,/nfs3_ib/nfs-ip34/home/def-ilafores/analysis/NovelTaxa/Boreal_mosses/tmp/sourmash/sketches/nMAGs_index.sbt.zip,Green_AP.bin.13,1442ef94eaaed933ed2b0b47552b675c,0.0257784583971414,79000,73,4703000,/nfs3_ib/nfs-ip34/home/def-ilafores/analysis/boreal_moss/preproc/S-23-POLPIL-G/S-23-POLPIL-G_unmatched_2.fastq,S-23-POLPIL-G,789c68e1,1165250000,31,DNA,1000,1165250,True,0.739544972613772,0.8886898580903628,0.8141174153520674,0.8886898580903628,False,125,91453,2338829
90000,7.723664449688908e-05,0.010805500982318271,6.608024029178288e-05,4.489426118797056e-05,1.3636363636363635,1.0,0.5561717689704898,/nfs3_ib/nfs-ip34/home/def-ilafores/ref_dbs/sourmash_db/gtdb-rs214-reps.k31.zip,"GCA_001899645.1 Pseudonocardia sp. 73-21 ASM189964v1",344da35130fd1cc529357e95c9b79ce0,0.012629806342969408,77000,74,4626000,/nfs3_ib/nfs-ip34/home/def-ilafores/analysis/boreal_moss/preproc/S-23-POLPIL-G/S-23-POLPIL-G_unmatched_2.fastq,S-23-POLPIL-G,789c68e1,1165250000,31,DNA,1000,1165250,True,0.7367991935934602,0.8684698220122397,0.80263450780285,0.8684698220122397,False,105,91558,2338829
127000,0.00010898948723449904,0.01966364812419146,6.522205535292856e-05,4.916990511063442e-05,1.513157894736842,1.0,1.106124351206685,/nfs3_ib/nfs-ip34/home/def-ilafores/analysis/NovelTaxa/Boreal_mosses/tmp/sourmash/sketches/nMAGs_index.sbt.zip,Green_T.bin.6,77992d4b534a3c8fb749e68aaff5a3b3,0.03285899094437258,76000,75,4550000,/nfs3_ib/nfs-ip34/home/def-ilafores/analysis/boreal_moss/preproc/S-23-POLPIL-G/S-23-POLPIL-G_unmatched_2.fastq,S-23-POLPIL-G,789c68e1,1165250000,31,DNA,1000,1165250,True,0.7450298907423003,0.8956743479229096,0.8203521193326049,0.8956743479229096,False,115,91673,2338829
203000,0.0001742115425874276,0.014171172851016222,6.522205535292856e-05,5.045259828743358e-05,1.5526315789473684,1.0,0.9233055154130966,/nfs3_ib/nfs-ip34/home/def-ilafores/ref_dbs/sourmash_db/gtdb-rs214-reps.k31.zip,"GCA_903845345.1 uncultured beta proteobacterium freshwater MAG --- B4coas_bin-1415",815f55bc523bcea3cf4bc4313e5fe83e,0.03785194853626701,76000,76,4474000,/nfs3_ib/nfs-ip34/home/def-ilafores/analysis/boreal_moss/preproc/S-23-POLPIL-G/S-23-POLPIL-G_unmatched_2.fastq,S-23-POLPIL-G,789c68e1,1165250000,31,DNA,1000,1165250,True,0.7563876286408995,0.8997707662598456,0.8280791974503725,0.8997707662598456,False,118,91791,2338829
83000,7.122934992490882e-05,0.013678643078606603,6.436387041407424e-05,5.4728242210097446e-05,1.7066666666666668,1.0,1.1749988179663085,/nfs3_ib/nfs-ip34/home/def-ilafores/ref_dbs/sourmash_db/gtdb-rs214-reps.k31.zip,"GCF_009765785.1 Granulicella sp. L46 strain=L46 ASM976578v1",7d44e8dd257057bca791a0104671ea2c,0.01513769834032464,75000,77,4399000,/nfs3_ib/nfs-ip34/home/def-ilafores/analysis/boreal_moss/preproc/S-23-POLPIL-G/S-23-POLPIL-G_unmatched_2.fastq,S-23-POLPIL-G,789c68e1,1165250000,31,DNA,1000,1165250,True,0.7348772549700728,0.8735590214032735,0.8042181381866731,0.8735590214032735,False,128,91919,2338829
74000,6.35056854752199e-05,0.012780656303972366,6.35056854752199e-05,7.225838229301929e-05,2.2837837837837838,2.0,1.6967398809248333,/nfs3_ib/nfs-ip34/home/def-ilafores/analysis/NovelTaxa/Boreal_mosses/tmp/sourmash/sketches/nMAGs_index.sbt.zip,Brown_J.bin.2,63e0528f6d692623df41cd250a12904f,0.012780656303972366,74000,78,4325000,/nfs3_ib/nfs-ip34/home/def-ilafores/analysis/boreal_moss/preproc/S-23-POLPIL-G/S-23-POLPIL-G_unmatched_2.fastq,S-23-POLPIL-G,789c68e1,1165250000,31,DNA,1000,1165250,True,0.7321614496490526,0.8688025152220601,0.8004819824355563,0.8688025152220601,False,169,92088,2338829
673000,0.0005775584638489595,0.008022549869904597,6.35056854752199e-05,6.0286579309560465e-05,1.9054054054054055,2.0,1.1409919690709023,/nfs3_ib/nfs-ip34/home/def-ilafores/ref_dbs/sourmash_db/gtdb-rs214-reps.k31.zip,"GCF_002813575.1 Nostoc flagelliforme CCNUN1 strain=CCNUN1 ASM281357v1",9ef52c35343aae6d3d3deda6e72bffb0,0.07296183868169992,74000,79,4251000,/nfs3_ib/nfs-ip34/home/def-ilafores/analysis/boreal_moss/preproc/S-23-POLPIL-G/S-23-POLPIL-G_unmatched_2.fastq,S-23-POLPIL-G,789c68e1,1165250000,31,DNA,1000,1165250,True,0.7862041887132001,0.9190214966431365,0.8526128426781683,0.9190214966431365,False,141,92229,2338829
95000,8.15275691911607e-05,0.019163292847503375,6.093113065865694e-05,4.532182558023695e-05,1.4929577464788732,1.0,0.8026933435929582,/nfs3_ib/nfs-ip34/home/def-ilafores/ref_dbs/sourmash_db/gtdb-rs214-reps.k31.zip,"GCA_903844135.1 uncultured Rhodospirillales bacterium freshwater MAG --- MJ130916B_bin-262",fcc7abb941eedee9915d909c1f844176,0.02564102564102564,71000,80,4180000,/nfs3_ib/nfs-ip34/home/def-ilafores/analysis/boreal_moss/preproc/S-23-POLPIL-G/S-23-POLPIL-G_unmatched_2.fastq,S-23-POLPIL-G,789c68e1,1165250000,31,DNA,1000,1165250,True,0.7380853692352736,0.8885366277882959,0.8133109985117848,0.8885366277882959,False,106,92335,2338829
91000,7.80948294357434e-05,0.015261798544259216,5.5782021025531e-05,3.848079530397477e-05,1.3846153846153846,1.0,0.6490776341455073,/nfs3_ib/nfs-ip34/home/def-ilafores/ref_dbs/sourmash_db/gtdb-rs214-reps.k31.zip,"GCA_903871605.1 uncultured Sphingomonadaceae bacterium freshwater MAG --- MJ-time_bin-2722",27675496e0a87cf632f1b72a34005225,0.021366517961962903,65000,81,4115000,/nfs3_ib/nfs-ip34/home/def-ilafores/analysis/boreal_moss/preproc/S-23-POLPIL-G/S-23-POLPIL-G_unmatched_2.fastq,S-23-POLPIL-G,789c68e1,1165250000,31,DNA,1000,1165250,True,0.7370618697731305,0.8833248404194509,0.8101933550962908,0.8833248404194509,False,90,92425,2338829
229000,0.00019652435099764,0.010909701242027526,5.5782021025531e-05,3.805323091170838e-05,1.3692307692307693,1.0,0.596637520912779,/nfs3_ib/nfs-ip34/home/def-ilafores/ref_dbs/sourmash_db/gtdb-rs214-reps.k31.zip,"GCF_003240565.1 Rhizobium tumorigenes strain=1078 ASM324056v1",d1b16470e32bd87d8d2ff09faacfb4f8,0.038435716683450825,65000,82,4050000,/nfs3_ib/nfs-ip34/home/def-ilafores/analysis/boreal_moss/preproc/S-23-POLPIL-G/S-23-POLPIL-G_unmatched_2.fastq,S-23-POLPIL-G,789c68e1,1165250000,31,DNA,1000,1165250,True,0.7593338948055738,0.9002150924761789,0.8297744936408764,0.9002150924761789,False,89,92514,2338829
327000,0.0002806264750053637,0.007350367518375919,5.406565114782235e-05,5.216285585649913e-05,1.9365079365079365,2.0,1.2582807100067563,/nfs3_ib/nfs-ip34/home/def-ilafores/ref_dbs/sourmash_db/gtdb-rs214-reps.k31.zip,"GCF_002949735.1 Nostoc sp. 'Peltigera membranacea cyanobiont' N6 strain=N6 ASM294973v1",e3866cbcc31178d8ca9d239cfbc00924,0.03815190759537977,63000,83,3987000,/nfs3_ib/nfs-ip34/home/def-ilafores/analysis/boreal_moss/preproc/S-23-POLPIL-G/S-23-POLPIL-G_unmatched_2.fastq,S-23-POLPIL-G,789c68e1,1165250000,31,DNA,1000,1165250,True,0.7681101509289187,0.8999998973823248,0.8340550241556217,0.8999998973823248,False,122,92636,2338829
78000,6.69384252306372e-05,0.0126977518734388,5.234928127011371e-05,4.019105287304031e-05,1.540983606557377,1.0,1.0174505343726492,/nfs3_ib/nfs-ip34/home/def-ilafores/analysis/NovelTaxa/Boreal_mosses/tmp/sourmash/sketches/nMAGs_index.sbt.zip,Brown_Q.bin.4,49ec8fdd605ff033ef1a6d4c23ab9c7c,0.01623646960865945,61000,84,3926000,/nfs3_ib/nfs-ip34/home/def-ilafores/analysis/boreal_moss/preproc/S-23-POLPIL-G/S-23-POLPIL-G_unmatched_2.fastq,S-23-POLPIL-G,789c68e1,1165250000,31,DNA,1000,1165250,True,0.733405851517863,0.8755358281257545,0.8044708398218088,0.8755358281257545,False,94,92730,2338829
62000,5.320746620896803e-05,0.021819526627218935,5.0632911392405066e-05,3.206732941997897e-05,1.271186440677966,1.0,0.5471190641209821,/nfs3_ib/nfs-ip34/home/def-ilafores/analysis/NovelTaxa/Boreal_mosses/tmp/sourmash/sketches/nMAGs_index.sbt.zip,Brown_AE.bin.6,86450c93405df6c93891a448a1c15802,0.022928994082840236,59000,85,3867000,/nfs3_ib/nfs-ip34/home/def-ilafores/analysis/boreal_moss/preproc/S-23-POLPIL-G/S-23-POLPIL-G_unmatched_2.fastq,S-23-POLPIL-G,789c68e1,1165250000,31,DNA,1000,1165250,True,0.7279945828819553,0.8853381803053858,0.8066663815936705,0.8853381803053858,False,75,92805,2338829
279000,0.00023943359794035616,0.010748702742772424,4.977472645355074e-05,4.4039132403437785e-05,1.7758620689655173,1.0,1.377693017308481,/nfs3_ib/nfs-ip34/home/def-ilafores/ref_dbs/sourmash_db/gtdb-rs214-reps.k31.zip,"GCF_022179125.1 Methylobacterium cerastii strain=DSM 23679 ASM2217912v1",42dc6e59959f45af47426c79f76d9bb6,0.051704966641957006,58000,86,3809000,/nfs3_ib/nfs-ip34/home/def-ilafores/analysis/boreal_moss/preproc/S-23-POLPIL-G/S-23-POLPIL-G_unmatched_2.fastq,S-23-POLPIL-G,789c68e1,1165250000,31,DNA,1000,1165250,True,0.7641867777444492,0.9088684770235196,0.8365276273839843,0.9088684770235196,False,103,92908,2338829
61000,5.234928127011371e-05,0.01487778958554729,4.8058356575842095e-05,3.292245820451174e-05,1.375,1.0,0.6698214047682519,/nfs3_ib/nfs-ip34/home/def-ilafores/analysis/NovelTaxa/Boreal_mosses/tmp/sourmash/sketches/nMAGs_index.sbt.zip,Brown_K.bin.8,f95c325e816bd77104adcef679679285,0.016206163655685443,56000,87,3753000,/nfs3_ib/nfs-ip34/home/def-ilafores/analysis/boreal_moss/preproc/S-23-POLPIL-G/S-23-POLPIL-G_unmatched_2.fastq,S-23-POLPIL-G,789c68e1,1165250000,31,DNA,1000,1165250,True,0.7276128258802034,0.8754830637126544,0.8015479447964289,0.8754830637126544,False,77,92985,2338829
66000,5.6640205964385324e-05,0.01627906976744186,4.8058356575842095e-05,3.548784455811006e-05,1.4821428571428572,1.0,0.9447424333150927,/nfs3_ib/nfs-ip34/home/def-ilafores/analysis/NovelTaxa/Boreal_mosses/tmp/sourmash/sketches/nMAGs_index.sbt.zip,Brown_K.bin.4,0b96f7e0489ff484098782a4bd2525a1,0.01918604651162791,56000,88,3697000,/nfs3_ib/nfs-ip34/home/def-ilafores/analysis/boreal_moss/preproc/S-23-POLPIL-G/S-23-POLPIL-G_unmatched_2.fastq,S-23-POLPIL-G,789c68e1,1165250000,31,DNA,1000,1165250,True,0.729464273480339,0.8802629750094529,0.804863624244896,0.8802629750094529,False,83,93068,2338829
64000,5.492383608667668e-05,0.015873015873015872,4.7200171636987773e-05,4.574938997250333e-05,1.9454545454545455,2.0,1.118736004575648,/nfs3_ib/nfs-ip34/home/def-ilafores/ref_dbs/sourmash_db/gtdb-rs214-reps.k31.zip,"GCF_003581425.1 Amnibacterium setariae strain=DD4a ASM358142v1",158e97111939ba4cab5696018e177ab5,0.01847041847041847,55000,89,3642000,/nfs3_ib/nfs-ip34/home/def-ilafores/analysis/boreal_moss/preproc/S-23-POLPIL-G/S-23-POLPIL-G_unmatched_2.fastq,S-23-POLPIL-G,789c68e1,1165250000,31,DNA,1000,1165250,True,0.7287405415908037,0.8791842404645167,0.8039623910276602,0.8791842404645167,False,107,93175,2338829
165000,0.0001416005149109633,0.010313216195569137,4.6341986698133445e-05,3.463271577357729e-05,1.5,1.0,0.8766518798921944,/nfs3_ib/nfs-ip34/home/def-ilafores/ref_dbs/sourmash_db/gtdb-rs214-reps.k31.zip,"GCA_019510465.1 Burkholderiales bacterium ASM1951046v1",10684b83f0c7332fe6991c53ccc938a4,0.031512605042016806,54000,90,3588000,/nfs3_ib/nfs-ip34/home/def-ilafores/analysis/boreal_moss/preproc/S-23-POLPIL-G/S-23-POLPIL-G_unmatched_2.fastq,S-23-POLPIL-G,789c68e1,1165250000,31,DNA,1000,1165250,True,0.7513474227645633,0.8944663560034701,0.8229068893840168,0.8944663560034701,False,81,93256,2338829
253000,0.00021712078953014375,0.008649687650168188,4.6341986698133445e-05,4.36115680111714e-05,1.8888888888888888,2.0,0.9749960430435691,/nfs3_ib/nfs-ip34/home/def-ilafores/ref_dbs/sourmash_db/gtdb-rs214-reps.k31.zip,"GCF_017833295.1 Methylobacterium sp. PvR107 strain=PvR107 ASM1783329v1",cb0d042fdea39dca90cae1955eb975f5,0.04052538843504725,54000,91,3534000,/nfs3_ib/nfs-ip34/home/def-ilafores/analysis/boreal_moss/preproc/S-23-POLPIL-G/S-23-POLPIL-G_unmatched_2.fastq,S-23-POLPIL-G,789c68e1,1165250000,31,DNA,1000,1165250,True,0.7617791428787704,0.9017537847056025,0.8317664637921864,0.9017537847056025,False,102,93358,2338829
79000,6.779661016949152e-05,0.011266430210723972,4.6341986698133445e-05,3.677053773490922e-05,1.5925925925925926,1.0,1.1141932560363945,/nfs3_ib/nfs-ip34/home/def-ilafores/ref_dbs/sourmash_db/gtdb-rs214-reps.k31.zip,"GCF_022662475.1 Sphingomonas sp. TREG-RG-20F-R18-01 strain=TREG-RG-20F-R18-01 ASM2266247v1",2efecd406eb96d6036786516e579af67,0.016482370123096182,54000,92,3480000,/nfs3_ib/nfs-ip34/home/def-ilafores/analysis/boreal_moss/preproc/S-23-POLPIL-G/S-23-POLPIL-G_unmatched_2.fastq,S-23-POLPIL-G,789c68e1,1165250000,31,DNA,1000,1165250,True,0.7337072965492923,0.8759604645459715,0.8048338805476319,0.8759604645459715,False,86,93444,2338829
172000,0.00014760780948294358,0.005149024655906526,4.46256168204248e-05,4.190131044210586e-05,1.8846153846153846,1.0,1.295760040609463,/nfs3_ib/nfs-ip34/home/def-ilafores/ref_dbs/sourmash_db/gtdb-rs214-reps.k31.zip,"GCA_016903675.1 Stigonema ocellatum SAG 48.90 = DSM 106950 ASM1690367v1",ba44ced52d5322f77d2df2b9e3d1afb5,0.017031389246460044,52000,93,3428000,/nfs3_ib/nfs-ip34/home/def-ilafores/analysis/boreal_moss/preproc/S-23-POLPIL-G/S-23-POLPIL-G_unmatched_2.fastq,S-23-POLPIL-G,789c68e1,1165250000,31,DNA,1000,1165250,True,0.7523551216685311,0.8768868367800225,0.8146209792242769,0.8768868367800225,False,98,93542,2338829
294000,0.000252306372023171,0.005452448359022754,4.46256168204248e-05,4.4039132403437785e-05,1.9807692307692308,2.0,1.3371954666301897,/nfs3_ib/nfs-ip34/home/def-ilafores/ref_dbs/sourmash_db/gtdb-rs214-reps.k31.zip,"GCF_013393905.1 Nostoc sp. C052 strain=C052 ASM1339390v1",08989ab2de6e1410a384bc5ca3a70e6d,0.030827304183705568,52000,94,3376000,/nfs3_ib/nfs-ip34/home/def-ilafores/analysis/boreal_moss/preproc/S-23-POLPIL-G/S-23-POLPIL-G_unmatched_2.fastq,S-23-POLPIL-G,789c68e1,1165250000,31,DNA,1000,1165250,True,0.7654788017099565,0.8938321783804583,0.8296554900452073,0.8938321783804583,False,103,93645,2338829
123000,0.00010555674747908174,0.008785529715762274,4.376743188157048e-05,2.9501943066380655e-05,1.3529411764705883,1.0,0.7091427968637304,/nfs3_ib/nfs-ip34/home/def-ilafores/ref_dbs/sourmash_db/gtdb-rs214-reps.k31.zip,"GCF_021730615.1 Lichenibacterium sp. 6Y81 strain=6Y81 ASM2173061v1",173b1e87a8bf9cb02e8337a61eed4cff,0.02118863049095607,51000,95,3325000,/nfs3_ib/nfs-ip34/home/def-ilafores/analysis/boreal_moss/preproc/S-23-POLPIL-G/S-23-POLPIL-G_unmatched_2.fastq,S-23-POLPIL-G,789c68e1,1165250000,31,DNA,1000,1165250,True,0.7442611588594523,0.8830866490808874,0.8136739039701699,0.8830866490808874,False,69,93714,2338829
