intersect_bp,f_orig_query,f_match,f_unique_to_query,f_unique_weighted,average_abund,median_abund,std_abund,filename,name,md5,f_match_orig,unique_intersect_bp,gather_result_rank,remaining_bp,query_filename,query_name,query_md5,query_bp,ksize,moltype,scaled,query_n_hashes,query_abundance,query_containment_ani,match_containment_ani,average_containment_ani,max_containment_ani,potential_false_negative,n_unique_weighted_found,sum_weighted_found,total_weighted_hashes
2213000,0.0025061890298455065,0.3907822708811584,0.0025061890298455065,0.002052145442413851,2.151378219611387,2.0,2.0773875953132586,/nfs3_ib/nfs-ip34/home/def-ilafores/ref_dbs/sourmash_db/gtdb-rs214-reps.k31.zip,"GCF_008039875.1 Methylobacterium sp. WL119 strain=WL119 ASM803987v1",e5bf01c613c616b5ef30b491d1b9f44e,0.3907822708811584,2213000,0,7127000,/nfs3_ib/nfs-ip34/home/def-ilafores/analysis/boreal_moss/preproc/S-7-POLPIL-G/S-7-POLPIL-G_unmatched_2.fastq,S-7-POLPIL-G,9b858f9c,883014000,31,DNA,1000,883014,True,0.8243226253007765,0.9701449071060342,0.8972337662034053,0.9701449071060342,False,4761,4761,2320011
1406000,0.0015922737351842667,0.2053366048152124,0.0015163972485147462,0.0008978405705835016,1.5556385362210605,1.0,1.0117328611908338,/nfs3_ib/nfs-ip34/home/def-ilafores/ref_dbs/sourmash_db/gtdb-rs214-reps.k31.zip,"GCF_022829365.1 Methylobacterium sp. J-077 strain=J-077 ASM2282936v1",9427e56a12226d50b9c8d4cf56b920c1,0.21561110259162705,1339000,1,5788000,/nfs3_ib/nfs-ip34/home/def-ilafores/analysis/boreal_moss/preproc/S-7-POLPIL-G/S-7-POLPIL-G_unmatched_2.fastq,S-7-POLPIL-G,9b858f9c,883014000,31,DNA,1000,883014,True,0.8123487330302713,0.9517119445852467,0.882030338807759,0.9517119445852467,False,2083,6844,2320011
855000,0.0009682745686931351,0.17745302713987474,0.0009626121443148127,0.0005762903710370339,1.5729411764705883,1.0,1.3607859524203276,/nfs3_ib/nfs-ip34/home/def-ilafores/ref_dbs/sourmash_db/gtdb-rs214-reps.k31.zip,"GCF_005844085.1 Acetobacteraceae bacterium KEBCLARHB70R strain=KEBCLARHB70R ASM584408v1",498150ab681f0d11140df321d485e8fa,0.17849686847599164,850000,2,4938000,/nfs3_ib/nfs-ip34/home/def-ilafores/analysis/boreal_moss/preproc/S-7-POLPIL-G/S-7-POLPIL-G_unmatched_2.fastq,S-7-POLPIL-G,9b858f9c,883014000,31,DNA,1000,883014,True,0.7994184108656271,0.9459301141268912,0.8726742624962591,0.9459301141268912,False,1337,8181,2320011
697000,0.0007893419583381464,0.07773749093546048,0.0006070118933561642,0.00031680884271669403,1.3712686567164178,1.0,0.7643130967824121,/nfs3_ib/nfs-ip34/home/def-ilafores/ref_dbs/sourmash_db/gtdb-rs214-reps.k31.zip,"GCF_022829385.1 Methylobacterium sp. J-070 strain=J-070 ASM2282938v1",48fe550b161c1b6a0798cff176c79725,0.10108774474256708,536000,3,4402000,/nfs3_ib/nfs-ip34/home/def-ilafores/analysis/boreal_moss/preproc/S-7-POLPIL-G/S-7-POLPIL-G_unmatched_2.fastq,S-7-POLPIL-G,9b858f9c,883014000,31,DNA,1000,883014,True,0.7941668965149048,0.9287386091604715,0.8614527528376881,0.9287386091604715,False,735,8916,2320011
351000,0.0003975021913582344,0.04301470588235294,0.0003975021913582344,0.00020861970051004068,1.378917378917379,1.0,0.8583492880501875,/nfs3_ib/nfs-ip34/home/def-ilafores/ref_dbs/sourmash_db/gtdb-rs214-reps.k31.zip,"GCF_001557535.2 Burkholderia sp. PAMC 26561 strain=PAMC 26561 ASM155753v2",fd0c18741012ebc26c58ba341945dc59,0.04301470588235294,351000,4,4051000,/nfs3_ib/nfs-ip34/home/def-ilafores/analysis/boreal_moss/preproc/S-7-POLPIL-G/S-7-POLPIL-G_unmatched_2.fastq,S-7-POLPIL-G,9b858f9c,883014000,31,DNA,1000,883014,True,0.7767857949917911,0.9034895373251995,0.8401376661584954,0.9034895373251995,False,484,9400,2320011
346000,0.000391839766979912,0.05894378194207837,0.000391839766979912,0.00027801592320036414,1.8641618497109826,1.0,1.5752929876458088,/nfs3_ib/nfs-ip34/home/def-ilafores/ref_dbs/sourmash_db/gtdb-rs214-reps.k31.zip,"GCF_010729665.1 Mycolicibacterium madagascariense strain=JCM 13574 ASM1072966v1",55d8fcdb32ddbe2b0c924561b5479a7c,0.05894378194207837,346000,5,3705000,/nfs3_ib/nfs-ip34/home/def-ilafores/analysis/boreal_moss/preproc/S-7-POLPIL-G/S-7-POLPIL-G_unmatched_2.fastq,S-7-POLPIL-G,9b858f9c,883014000,31,DNA,1000,883014,True,0.7764263654604814,0.9127181978140662,0.8445722816372738,0.9127181978140662,False,645,10045,2320011
504000,0.0005707723773349007,0.049449646788237225,0.0003408779475750101,0.00018405085148303176,1.4186046511627908,1.0,0.8257802390271491,/nfs3_ib/nfs-ip34/home/def-ilafores/ref_dbs/sourmash_db/gtdb-rs214-reps.k31.zip,"GCF_022829585.1 Methylobacterium sp. J-026 strain=J-026 ASM2282958v1",a2812e6a63e8d582bea34bde88b2b2b3,0.08279940857565303,301000,6,3404000,/nfs3_ib/nfs-ip34/home/def-ilafores/analysis/boreal_moss/preproc/S-7-POLPIL-G/S-7-POLPIL-G_unmatched_2.fastq,S-7-POLPIL-G,9b858f9c,883014000,31,DNA,1000,883014,True,0.7859044945491331,0.9227788941007504,0.8543416943249418,0.9227788941007504,False,427,10472,2320011
224000,0.00025367661214884473,0.03666490393090076,0.00023555685413821298,0.00019999905172863404,2.230769230769231,2.0,2.3399982299088027,/nfs3_ib/nfs-ip34/home/def-ilafores/ref_dbs/sourmash_db/gtdb-rs214-reps.k31.zip,"GCF_004137085.1 Lichenibacterium ramalinae strain=RmlP001 ASM413708v1",e5caa7fff3b6534a1d79c51129b48eb6,0.03948528115635466,208000,7,3196000,/nfs3_ib/nfs-ip34/home/def-ilafores/analysis/boreal_moss/preproc/S-7-POLPIL-G/S-7-POLPIL-G_unmatched_2.fastq,S-7-POLPIL-G,9b858f9c,883014000,31,DNA,1000,883014,True,0.7656125540042339,0.9009977724144227,0.8333051632093282,0.9009977724144227,False,464,10936,2320011
208000,0.00023555685413821298,0.025488530161427356,0.00016987273134967283,0.00010172365562059835,1.5733333333333333,1.0,0.9044089537126196,/nfs3_ib/nfs-ip34/home/def-ilafores/ref_dbs/sourmash_db/gtdb-rs214-reps.k31.zip,"GCF_004137685.1 Lichenibacterium minor strain=RmlP026 ASM413768v1",1cfdff9a5643f1bc741e8140111fd291,0.03534409515717927,150000,8,3046000,/nfs3_ib/nfs-ip34/home/def-ilafores/analysis/boreal_moss/preproc/S-7-POLPIL-G/S-7-POLPIL-G_unmatched_2.fastq,S-7-POLPIL-G,9b858f9c,883014000,31,DNA,1000,883014,True,0.7637844820851158,0.8977832776654682,0.830783879875292,0.8977832776654682,False,236,11172,2320011
518000,0.0005866271655942034,0.02335063009636768,0.00014269309433372518,0.00010301675293780934,1.8968253968253967,1.0,1.338260924800192,/nfs3_ib/nfs-ip34/home/def-ilafores/ref_dbs/sourmash_db/gtdb-rs214-reps.k31.zip,"GCF_022179125.1 Methylobacterium cerastii strain=DSM 23679 ASM2217912v1",42dc6e59959f45af47426c79f76d9bb6,0.09599703484062268,126000,9,2920000,/nfs3_ib/nfs-ip34/home/def-ilafores/analysis/boreal_moss/preproc/S-7-POLPIL-G/S-7-POLPIL-G_unmatched_2.fastq,S-7-POLPIL-G,9b858f9c,883014000,31,DNA,1000,883014,True,0.7865994137618718,0.9271918532553906,0.8568956335086312,0.9271918532553906,False,239,11411,2320011
123000,0.0001392956397067317,0.027236440478985678,0.00013136824557708032,0.00010086159074245769,2.0172413793103448,2.0,1.4018630376105887,/nfs3_ib/nfs-ip34/home/def-ilafores/ref_dbs/sourmash_db/gtdb-rs214-reps.k31.zip,"GCA_903871605.1 uncultured Sphingomonadaceae bacterium freshwater MAG --- MJ-time_bin-2722",27675496e0a87cf632f1b72a34005225,0.028880018783752053,116000,10,2804000,/nfs3_ib/nfs-ip34/home/def-ilafores/analysis/boreal_moss/preproc/S-7-POLPIL-G/S-7-POLPIL-G_unmatched_2.fastq,S-7-POLPIL-G,9b858f9c,883014000,31,DNA,1000,883014,True,0.7509497686134298,0.8919527604680979,0.8214512645407639,0.8919527604680979,False,234,11645,2320011
127000,0.00014382557920938966,0.02653013730509658,0.00012910327582575136,6.982725512939379e-05,1.4210526315789473,1.0,0.7596714068284549,/nfs3_ib/nfs-ip34/home/def-ilafores/ref_dbs/sourmash_db/gtdb-rs214-reps.k31.zip,"GCA_901457705.2 Beijerinckiaceae bacterium RH AL1 RHAL1_v2",68d38d139272b52f79455dbcc287ec27,0.029555503839888295,114000,11,2690000,/nfs3_ib/nfs-ip34/home/def-ilafores/analysis/boreal_moss/preproc/S-7-POLPIL-G/S-7-POLPIL-G_unmatched_2.fastq,S-7-POLPIL-G,9b858f9c,883014000,31,DNA,1000,883014,True,0.7517254090222818,0.8926182332135406,0.8221718211179112,0.8926182332135406,False,162,11807,2320011
495000,0.0005605800134539204,0.016876293583824233,0.00012004339682043547,6.59479631777608e-05,1.4433962264150944,1.0,0.8476403282191664,/nfs3_ib/nfs-ip34/home/def-ilafores/ref_dbs/sourmash_db/gtdb-rs214-reps.k31.zip,"GCF_022829515.1 Methylobacterium sp. J-048 strain=J-048 ASM2282951v1",b4d57b1e436e8a0f634fdfaa11c2f2b0,0.07880910683012259,106000,12,2584000,/nfs3_ib/nfs-ip34/home/def-ilafores/analysis/boreal_moss/preproc/S-7-POLPIL-G/S-7-POLPIL-G_unmatched_2.fastq,S-7-POLPIL-G,9b858f9c,883014000,31,DNA,1000,883014,True,0.7854478264903239,0.9213097993852394,0.8533788129377816,0.9213097993852394,False,153,11960,2320011
208000,0.00023555685413821298,0.01757105943152455,0.00011551345731777752,7.758583903265975e-05,1.7647058823529411,1.0,1.0952345132367798,/nfs3_ib/nfs-ip34/home/def-ilafores/ref_dbs/sourmash_db/gtdb-rs214-reps.k31.zip,"GCF_021730615.1 Lichenibacterium sp. 6Y81 strain=6Y81 ASM2173061v1",173b1e87a8bf9cb02e8337a61eed4cff,0.03583118001722653,102000,13,2482000,/nfs3_ib/nfs-ip34/home/def-ilafores/analysis/boreal_moss/preproc/S-7-POLPIL-G/S-7-POLPIL-G_unmatched_2.fastq,S-7-POLPIL-G,9b858f9c,883014000,31,DNA,1000,883014,True,0.7637844820851158,0.898179754619161,0.8309821183521384,0.898179754619161,False,180,12140,2320011
89000,0.0001007911539341392,0.013310093487561401,9.512872955581679e-05,6.422383342147946e-05,1.7738095238095237,1.0,1.6135674058565481,/nfs3_ib/nfs-ip34/home/def-ilafores/ref_dbs/sourmash_db/gtdb-rs214-reps.k31.zip,"GCA_023231945.1 Comamonadaceae bacterium BS-T2-15 strain=BS-T2-15 ASM2323194v1",be84853b0c595a0b38db8da38d8600ce,0.014102360957059103,84000,14,2398000,/nfs3_ib/nfs-ip34/home/def-ilafores/analysis/boreal_moss/preproc/S-7-POLPIL-G/S-7-POLPIL-G_unmatched_2.fastq,S-7-POLPIL-G,9b858f9c,883014000,31,DNA,1000,883014,True,0.7431528411694366,0.8715649090053996,0.8073588750874181,0.8715649090053996,False,149,12289,2320011
82000,9.286375980448781e-05,0.008020596098623626,9.173127492882333e-05,5.043079537122884e-05,1.4444444444444444,1.0,0.8606629658238704,/nfs3_ib/nfs-ip34/home/def-ilafores/ref_dbs/sourmash_db/gtdb-rs214-reps.k31.zip,"GCA_016903675.1 Stigonema ocellatum SAG 48.90 = DSM 106950 ASM1690367v1",ba44ced52d5322f77d2df2b9e3d1afb5,0.008119615803544906,81000,15,2317000,/nfs3_ib/nfs-ip34/home/def-ilafores/analysis/boreal_moss/preproc/S-7-POLPIL-G/S-7-POLPIL-G_unmatched_2.fastq,S-7-POLPIL-G,9b858f9c,883014000,31,DNA,1000,883014,True,0.741191661175426,0.8561811473090776,0.7986864042422518,0.8561811473090776,False,117,12406,2320011
73000,8.267139592350745e-05,0.013157894736842105,8.040642617217847e-05,0.00013060282903831058,4.267605633802817,2.0,6.664933981011055,/nfs3_ib/nfs-ip34/home/def-ilafores/ref_dbs/sourmash_db/gtdb-rs214-reps.k31.zip,"GCF_000178975.2 Granulicella tundricola MP5ACTX9 strain=MP5ACTX9 ASM17897v2",41236b242bd79dbd3400694dddecfe2a,0.013528539659006671,71000,16,2246000,/nfs3_ib/nfs-ip34/home/def-ilafores/analysis/boreal_moss/preproc/S-7-POLPIL-G/S-7-POLPIL-G_unmatched_2.fastq,S-7-POLPIL-G,9b858f9c,883014000,31,DNA,1000,883014,True,0.738417163860789,0.8703977738317266,0.8044074688462578,0.8703977738317266,False,303,12709,2320011
66000,7.474400179385604e-05,0.009777777777777778,7.474400179385604e-05,3.922395195540021e-05,1.378787878787879,1.0,0.7540828568563214,/nfs3_ib/nfs-ip34/home/def-ilafores/ref_dbs/sourmash_db/gtdb-rs214-reps.k31.zip,"GCA_013695595.1 Ktedonobacteraceae bacterium ASM1369559v1",c503a02e822521b2eb9d88f905419341,0.009777777777777778,66000,17,2180000,/nfs3_ib/nfs-ip34/home/def-ilafores/analysis/boreal_moss/preproc/S-7-POLPIL-G/S-7-POLPIL-G_unmatched_2.fastq,S-7-POLPIL-G,9b858f9c,883014000,31,DNA,1000,883014,True,0.7360199049232798,0.861328936191774,0.7986744205575269,0.861328936191774,False,91,12800,2320011
64000,7.247903204252707e-05,0.008503171818059117,7.134654716686259e-05,4.439634122424419e-05,1.6349206349206349,1.0,1.2510514600151132,/nfs3_ib/nfs-ip34/home/def-ilafores/ref_dbs/sourmash_db/gtdb-rs214-reps.k31.zip,"GCF_003330725.1 Acidisarcina polymorpha strain=SBC82 ASM333072v1",50eb584445706a041942988680bc0cd3,0.008638142799298152,63000,18,2117000,/nfs3_ib/nfs-ip34/home/def-ilafores/analysis/boreal_moss/preproc/S-7-POLPIL-G/S-7-POLPIL-G_unmatched_2.fastq,S-7-POLPIL-G,9b858f9c,883014000,31,DNA,1000,883014,True,0.7352896689187334,0.857892587649904,0.7965911282843187,0.857892587649904,False,103,12903,2320011
70000,7.927394129651399e-05,0.010713031260976466,6.908157741553361e-05,4.353427634610353e-05,1.6557377049180328,1.0,0.9561748571421433,/nfs3_ib/nfs-ip34/home/def-ilafores/ref_dbs/sourmash_db/gtdb-rs214-reps.k31.zip,"GCF_001673405.1 Mycobacterium sp. 1245111.1 strain=1245111.1 ASM167340v1",8f605cce8e2cdead4f35714bdd9eb91c,0.012293642430628733,61000,19,2056000,/nfs3_ib/nfs-ip34/home/def-ilafores/analysis/boreal_moss/preproc/S-7-POLPIL-G/S-7-POLPIL-G_unmatched_2.fastq,S-7-POLPIL-G,9b858f9c,883014000,31,DNA,1000,883014,True,0.7374182567322437,0.8677143761132076,0.8025663164227257,0.8677143761132076,False,101,13004,2320011
58000,6.568412278854016e-05,0.013642213642213642,6.0021698410217734e-05,3.922395195540021e-05,1.7169811320754718,1.0,1.1389726998329488,/nfs3_ib/nfs-ip34/home/def-ilafores/ref_dbs/sourmash_db/gtdb-rs214-reps.k31.zip,"GCF_022662335.1 Sphingomonas sp. CROZ-RG-20F-R02-07 strain=CROZ-RG-20F-R02-07 ASM2266233v1",9b2d68e57bd233b3179dc993c285a9bd,0.014929214929214929,53000,20,2003000,/nfs3_ib/nfs-ip34/home/def-ilafores/analysis/boreal_moss/preproc/S-7-POLPIL-G/S-7-POLPIL-G_unmatched_2.fastq,S-7-POLPIL-G,9b858f9c,883014000,31,DNA,1000,883014,True,0.7329584700114644,0.873168312745282,0.8030633913783731,0.873168312745282,False,91,13095,2320011
63000,7.134654716686259e-05,0.006510579691999499,5.8889213534553244e-05,4.1810146589822205e-05,1.8653846153846154,1.0,1.829552763275623,/nfs3_ib/nfs-ip34/home/def-ilafores/ref_dbs/sourmash_db/gtdb-rs214-reps.k31.zip,"GCF_900099825.1 Bradyrhizobium ottawaense strain=GAS524 IMG-taxon 2693430034 annotated assembly",5361dee3dddc6a3e364bce95261f145e,0.007887817703768623,52000,21,1951000,/nfs3_ib/nfs-ip34/home/def-ilafores/analysis/boreal_moss/preproc/S-7-POLPIL-G/S-7-POLPIL-G_unmatched_2.fastq,S-7-POLPIL-G,9b858f9c,883014000,31,DNA,1000,883014,True,0.7349162281641207,0.8553815899576659,0.7951489090608933,0.8553815899576659,False,97,13192,2320011
